1780492022.336924	3.814	-0.3
1780492022.4347584	3.814	-0.3
1780492022.4347584	3.814	-0.3
1780492022.533583	3.814	-0.3
1780492022.5442116	3.814	-0.3
1780492022.625071	3.814	-0.3
1780492022.645995	3.814	-0.3
1780492022.645995	3.814	-0.3
1780492022.736161	3.814	-0.3
1780492022.736161	3.814	-0.3
1780492022.8338556	3.814	-0.3
1780492022.8338556	3.814	-0.2
1780492022.9344978	3.814	-0.2
1780492022.9493291	3.814	-0.2
1780492023.0285678	3.814	-0.2
1780492023.0513089	3.814	-0.2
1780492023.0513089	3.814	-0.2
1780492023.1444204	3.814	-0.2
1780492023.1444204	3.814	-0.1
1780492023.233677	3.814	-0.1
1780492023.233677	3.814	-0.1
1780492023.3281507	3.814	-0.1
1780492023.348523	3.814	-0.1
1780492023.348523	3.814	-0.1
1780492023.4434829	3.814	-0.1
1780492023.4434829	3.813	-0.1
1780492023.5373242	3.813	-0.1
1780492023.5373242	3.813	-0.1
1780492023.6391516	3.813	-0.1
1780492023.6391516	3.813	-0.1
1780492023.730532	3.813	-0.1
1780492023.742986	3.813	-0.1
1780492023.742986	3.813	-0.1
1780492023.8492014	3.813	-0.1
1780492023.8492014	3.813	-0.2
1780492023.9360635	3.813	-0.2
1780492023.9360635	3.813	-0.2
1780492024.0374146	3.813	-0.2
1780492024.0374146	3.813	-0.2
1780492024.0478055	3.813	-0.2
1780492024.1335964	3.813	-0.2
1780492024.1511497	3.813	-0.2
1780492024.2444694	3.813	-0.2
1780492024.2444694	3.813	-0.2
1780492024.3394349	3.813	-0.2
1780492024.3394349	3.813	-0.2
1780492024.433894	3.813	-0.2
1780492024.433894	3.813	-0.2
1780492024.455025	3.813	-0.2
1780492024.5282695	3.812	-0.2
1780492024.5491965	3.812	-0.2
1780492024.625988	3.812	-0.2
1780492024.6464825	3.812	-0.2
1780492024.7361822	3.812	-0.2
1780492024.7361822	3.812	-0.2
1780492024.7606966	3.812	-0.3
1780492024.8368254	3.812	-0.3
1780492024.8474824	3.812	-0.3
1780492024.9272218	3.812	-0.3
1780492024.9488914	3.812	-0.3
1780492025.0294805	3.812	-0.3
1780492025.039983	3.812	-0.3
1780492025.1376083	3.812	-0.3
1780492025.1376083	3.812	-0.3
1780492025.1376083	3.812	-0.3
1780492025.235266	3.812	-0.3
1780492025.256111	3.812	-0.3
1780492025.3277166	3.812	-0.3
1780492025.3488722	3.812	-0.3
1780492025.4329116	3.812	-0.3
1780492025.4434204	3.812	-0.3
1780492025.4434204	3.812	-0.3
1780492025.5344734	3.812	-0.3
1780492025.5344734	3.812	-0.3
1780492025.6329043	3.812	-0.2
1780492025.6533267	3.812	-0.2
1780492025.7284575	3.812	-0.2
1780492025.7490401	3.812	-0.2
1780492025.8271825	3.812	-0.2
1780492025.8476439	3.812	-0.2
1780492025.8476439	3.812	-0.1
1780492025.9433084	3.812	-0.1
1780492025.9433084	3.812	-0.1
1780492026.0402167	3.811	-0.1
1780492026.0402167	3.811	-0.1
1780492026.1346757	3.811	-0.1
1780492026.144958	3.811	-0.1
1780492026.144958	3.811	-0.1
1780492026.239038	3.811	-0.1
1780492026.239038	3.811	-0.1
1780492026.3363888	3.811	-0.1
1780492026.3363888	3.811	-0.2
1780492026.4306772	3.811	-0.2
1780492026.4306772	3.811	-0.2
1780492026.5293236	3.811	-0.2
1780492026.5502722	3.811	-0.2
1780492026.5502722	3.811	-0.2
1780492026.6436954	3.811	-0.2
1780492026.6436954	3.811	-0.2
1780492026.736935	3.811	-0.2
1780492026.736935	3.811	-0.2
1780492026.833256	3.811	-0.2
1780492026.833256	3.811	-0.2
1780492026.856143	3.811	-0.2
1780492026.9512377	3.811	-0.2
1780492026.9512377	3.811	-0.2
1780492027.0423117	3.811	-0.2
1780492027.0423117	3.811	-0.2
1780492027.1419187	3.811	-0.2
1780492027.1419187	3.811	-0.2
1780492027.2388582	3.811	-0.2
1780492027.2388582	3.811	-0.2
1780492027.2493494	3.811	-0.2
1780492027.3299096	3.81	-0.1
1780492027.3510556	3.81	-0.1
1780492027.4396882	3.81	-0.1
1780492027.4396882	3.81	-0.1
1780492027.5359337	3.81	-0.1
1780492027.5359337	3.81	-0.2
1780492027.557556	3.81	-0.2
1780492027.6333213	3.81	-0.2
1780492027.6540475	3.81	-0.2
1780492027.7276022	3.81	-0.2
1780492027.7484531	3.81	-0.2
1780492027.8436031	3.809	-0.3
1780492027.8436031	3.809	-0.3
1780492027.9399328	3.809	-0.3
1780492027.9399328	3.809	-0.3
1780492027.9502678	3.809	-0.4
1780492028.035283	3.809	-0.4
1780492028.0458455	3.809	-0.4
1780492028.1334574	3.809	-0.4
1780492028.143979	3.809	-0.4
1780492028.243792	3.809	-0.5
1780492028.243792	3.809	-0.5
1780492028.243792	3.809	-0.5
1780492028.3388674	3.809	-0.5
1780492028.3501735	3.809	-0.5
1780492028.4347587	3.809	-0.5
1780492028.4451354	3.809	-0.5
1780492028.5273535	3.809	-0.5
1780492028.541947	3.809	-0.5
1780492028.6280253	3.809	-0.5
1780492028.6381614	3.809	-0.5
1780492028.6381614	3.809	-0.5
1780492028.7431746	3.809	-0.5
1780492028.7544718	3.809	-0.5
1780492028.828601	3.809	-0.5
1780492028.84931	3.809	-0.5
1780492028.9308848	3.809	-0.5
1780492028.9411619	3.809	-0.5
1780492028.9411619	3.809	-0.5
1780492029.0380917	3.809	-0.5
1780492029.0380917	3.809	-0.5
1780492029.1358874	3.809	-0.5
1780492029.1358874	3.809	-0.5
1780492029.2316568	3.809	-0.5
1780492029.2462046	3.809	-0.5
1780492029.3297803	3.809	-0.5
1780492029.340229	3.809	-0.4
1780492029.340229	3.809	-0.4
1780492029.4437106	3.809	-0.4
1780492029.4437106	3.809	-0.4
1780492029.533262	3.809	-0.4
1780492029.533262	3.809	-0.3
1780492029.63534	3.809	-0.3
1780492029.6484833	3.809	-0.3
1780492029.6484833	3.809	-0.3
1780492029.7503214	3.808	-0.3
1780492029.7503214	3.808	-0.3
1780492029.8407638	3.808	-0.3
1780492029.8407638	3.808	-0.3
1780492029.9365826	3.808	-0.3
1780492029.9365826	3.808	-0.3
1780492030.0364196	3.808	-0.3
1780492030.0364196	3.808	-0.3
1780492030.04702	3.808	-0.3
1780492030.1457345	3.808	-0.3
1780492030.1457345	3.808	-0.3
1780492030.2442973	3.808	-0.3
1780492030.2442973	3.808	-0.3
1780492030.3383384	3.808	-0.3
1780492030.3383384	3.808	-0.3
1780492030.3577938	3.808	-0.3
1780492030.4352045	3.808	-0.3
1780492030.4456286	3.808	-0.3
1780492030.5443249	3.808	-0.3
1780492030.5443249	3.808	-0.3
1780492030.6400924	3.808	-0.3
1780492030.6400924	3.807	-0.3
1780492030.7314022	3.807	-0.3
1780492030.7314022	3.807	-0.3
1780492030.7522428	3.807	-0.3
1780492030.8353157	3.807	-0.3
1780492030.8487973	3.807	-0.3
1780492030.9330022	3.807	-0.3
1780492030.943126	3.807	-0.3
1780492031.039422	3.807	-0.3
1780492031.039422	3.807	-0.3
1780492031.0646176	3.807	-0.3
1780492031.131156	3.807	-0.3
1780492031.1518526	3.807	-0.3
1780492031.227054	3.807	-0.3
1780492031.247578	3.807	-0.3
1780492031.3241508	3.807	-0.3
1780492031.34465	3.807	-0.3
1780492031.4394522	3.807	-0.3
1780492031.4394522	3.807	-0.3
1780492031.4394522	3.807	-0.3
1780492031.5391588	3.807	-0.3
1780492031.5496774	3.807	-0.3
1780492031.6357641	3.807	-0.3
1780492031.6460328	3.807	-0.3
1780492031.7297204	3.807	-0.3
1780492031.7436597	3.807	-0.3
1780492031.7436597	3.807	-0.2
1780492031.841176	3.807	-0.2
1780492031.841176	3.807	-0.2
1780492031.9358814	3.807	-0.2
1780492031.9464397	3.807	-0.2
1780492032.0342908	3.807	-0.2
1780492032.0445776	3.807	-0.1
1780492032.1298587	3.807	-0.1
1780492032.1413069	3.807	-0.1
1780492032.1413069	3.807	-0.1
1780492032.2390232	3.807	-0.1
1780492032.2390232	3.807	-0.1
1780492032.3322177	3.807	-0.1
1780492032.3528397	3.807	-0.1
1780492032.4363518	3.807	-0.0
1780492032.4468737	3.807	-0.0
1780492032.4468737	3.807	-0.0
1780492032.5421507	3.807	-0.0
1780492032.5421507	3.807	-0.0
1780492032.6406233	3.807	-0.0
1780492032.6406233	3.807	-0.0
1780492032.7310822	3.807	-0.0
1780492032.7310822	3.807	-0.0
1780492032.8346899	3.806	-0.0
1780492032.8448312	3.806	-0.0
1780492032.8448312	3.806	-0.0
1780492032.941273	3.806	-0.0
1780492032.941273	3.806	-0.0
1780492033.0385704	3.806	-0.0
1780492033.0385704	3.806	-0.0
1780492033.1391106	3.806	-0.1
1780492033.1391106	3.806	-0.1
1780492033.1493318	3.806	-0.1
1780492033.246495	3.806	-0.1
1780492033.246495	3.806	-0.1
1780492033.3421135	3.806	-0.1
1780492033.3421135	3.806	-0.2
1780492033.4389865	3.806	-0.2
1780492033.4389865	3.806	-0.2
1780492033.5295565	3.806	-0.2
1780492033.5295565	3.806	-0.2
1780492033.5508277	3.806	-0.2
1780492033.6463394	3.806	-0.2
1780492033.6463394	3.806	-0.2
1780492033.744399	3.806	-0.2
1780492033.744399	3.806	-0.2
1780492033.8380275	3.806	-0.2
1780492033.8380275	3.805	-0.2
1780492033.8586829	3.805	-0.2
1780492033.9335496	3.805	-0.2
1780492033.9538329	3.805	-0.2
1780492034.0350406	3.805	-0.2
1780492034.0453386	3.805	-0.2
1780492034.1440003	3.805	-0.2
1780492034.1440003	3.805	-0.3
1780492034.239599	3.805	-0.3
1780492034.239599	3.805	-0.3
1780492034.2498705	3.805	-0.3
1780492034.3391502	3.805	-0.3
1780492034.349657	3.805	-0.3
1780492034.4271922	3.805	-0.3
1780492034.4477046	3.805	-0.3
1780492034.5460029	3.805	-0.3
1780492034.5460029	3.805	-0.3
1780492034.5460029	3.805	-0.3
1780492034.6386395	3.805	-0.3
1780492034.6594296	3.805	-0.3
1780492034.736603	3.805	-0.3
1780492034.7468972	3.805	-0.3
1780492034.8308337	3.805	-0.3
1780492034.841593	3.805	-0.3
1780492034.9310417	3.805	-0.3
1780492034.9417472	3.805	-0.3
1780492034.9417472	3.804	-0.2
1780492035.0379765	3.804	-0.2
1780492035.0592597	3.804	-0.2
1780492035.136977	3.804	-0.2
1780492035.1479752	3.804	-0.2
1780492035.2252283	3.804	-0.2
1780492035.2463772	3.804	-0.2
1780492035.2463772	3.804	-0.3
1780492035.3402343	3.804	-0.3
1780492035.3402343	3.804	-0.3
1780492035.4371529	3.804	-0.3
1780492035.4371529	3.804	-0.3
1780492035.5383675	3.804	-0.3
1780492035.5489504	3.804	-0.3
1780492035.6261523	3.804	-0.3
1780492035.6468272	3.804	-0.3
1780492035.6468272	3.804	-0.3
1780492035.7400944	3.804	-0.3
1780492035.7400944	3.804	-0.3
1780492035.8356955	3.804	-0.3
1780492035.8356955	3.804	-0.3
1780492035.931826	3.804	-0.3
1780492035.9529362	3.804	-0.3
1780492035.9529362	3.804	-0.3
1780492036.0492756	3.804	-0.2
1780492036.0492756	3.804	-0.2
1780492036.1371813	3.803	-0.2
1780492036.1371813	3.803	-0.2
1780492036.2457066	3.803	-0.2
1780492036.2457066	3.803	-0.2
1780492036.333485	3.803	-0.2
1780492036.333485	3.803	-0.2
1780492036.3540258	3.803	-0.2
1780492036.4511795	3.803	-0.2
1780492036.4511795	3.803	-0.3
1780492036.5371363	3.803	-0.3
1780492036.5371363	3.803	-0.3
1780492036.6368992	3.803	-0.3
1780492036.6368992	3.803	-0.3
1780492036.6786094	3.803	-0.3
1780492036.7334878	3.803	-0.3
1780492036.7436633	3.803	-0.3
1780492036.832171	3.803	-0.3
1780492036.8424175	3.803	-0.3
1780492036.938608	3.803	-0.3
1780492036.938608	3.803	-0.3
1780492037.0403008	3.803	-0.3
1780492037.0403008	3.803	-0.3
1780492037.051149	3.803	-0.3
1780492037.1368449	3.803	-0.3
1780492037.1473315	3.803	-0.3
1780492037.2243533	3.803	-0.2
1780492037.2452	3.803	-0.2
1780492037.3379574	3.803	-0.2
1780492037.3379574	3.803	-0.2
1780492037.3608844	3.803	-0.2
1780492037.4338698	3.803	-0.2
1780492037.4549856	3.803	-0.2
1780492037.52907	3.803	-0.1
1780492037.549657	3.803	-0.1
1780492037.6262193	3.803	-0.1
1780492037.6470382	3.803	-0.1
1780492037.7445214	3.802	-0.1
1780492037.7445214	3.802	-0.1
1780492037.7445214	3.802	-0.1
1780492037.840705	3.802	-0.1
1780492037.8512151	3.802	-0.1
1780492037.9369142	3.802	-0.1
1780492037.9471726	3.802	-0.1
1780492038.0265265	3.802	-0.1
1780492038.0472188	3.802	-0.1
1780492038.0472188	3.802	-0.2
1780492038.1428728	3.802	-0.2
1780492038.1428728	3.802	-0.2
1780492038.236586	3.802	-0.2
1780492038.2470942	3.802	-0.2
1780492038.3323483	3.802	-0.2
1780492038.3430257	3.802	-0.2
1780492038.4290354	3.802	-0.2
1780492038.439321	3.802	-0.2
1780492038.439321	3.802	-0.2
1780492038.5383687	3.802	-0.2
1780492038.5383687	3.802	-0.2
1780492038.6370776	3.802	-0.2
1780492038.6474388	3.802	-0.2
1780492038.73541	3.802	-0.2
1780492038.7459319	3.802	-0.2
1780492038.7459319	3.802	-0.2
1780492038.839493	3.802	-0.2
1780492038.839493	3.802	-0.2
1780492038.938748	3.801	-0.2
1780492038.938748	3.801	-0.2
1780492039.0392945	3.801	-0.2
1780492039.0392945	3.801	-0.2
1780492039.1361642	3.801	-0.2
1780492039.1468225	3.801	-0.2
1780492039.1468225	3.801	-0.2
1780492039.2461672	3.801	-0.2
1780492039.2461672	3.801	-0.2
1780492039.3362663	3.801	-0.2
1780492039.3362663	3.801	-0.2
1780492039.4393437	3.801	-0.2
1780492039.4393437	3.801	-0.2
1780492039.4495547	3.801	-0.3
1780492039.5429976	3.801	-0.3
1780492039.5429976	3.801	-0.3
1780492039.641743	3.801	-0.3
1780492039.641743	3.801	-0.3
1780492039.74049	3.801	-0.3
1780492039.74049	3.801	-0.3
1780492039.8372786	3.801	-0.3
1780492039.8372786	3.801	-0.3
1780492039.8476682	3.801	-0.3
1780492039.9325435	3.801	-0.2
1780492039.9427567	3.801	-0.2
1780492040.042922	3.801	-0.2
1780492040.042922	3.801	-0.2
1780492040.1380067	3.801	-0.2
1780492040.1380067	3.801	-0.2
1780492040.1589048	3.801	-0.2
1780492040.233195	3.801	-0.1
1780492040.2535336	3.801	-0.1
1780492040.3257022	3.801	-0.1
1780492040.346246	3.801	-0.1
1780492040.4413493	3.801	-0.1
1780492040.4413493	3.801	-0.1
1780492040.5340645	3.801	-0.1
1780492040.5340645	3.801	-0.1
1780492040.5549688	3.801	-0.1
1780492040.6316504	3.801	-0.0
1780492040.6521142	3.801	-0.0
1780492040.72665	3.801	-0.0
1780492040.747189	3.8	-0.0
1780492040.8396423	3.8	-0.0
1780492040.8396423	3.8	-0.0
1780492040.8396423	3.8	-0.0
1780492040.9349213	3.8	-0.0
1780492040.955623	3.8	-0.1
1780492041.0297933	3.8	-0.1
1780492041.0508795	3.8	-0.1
1780492041.1281142	3.8	-0.1
1780492041.1488206	3.8	-0.1
1780492041.242361	3.8	-0.2
1780492041.242361	3.8	-0.2
1780492041.242361	3.8	-0.2
1780492041.3393104	3.8	-0.2
1780492041.3497806	3.8	-0.2
1780492041.437397	3.8	-0.2
1780492041.447631	3.8	-0.2
1780492041.5327346	3.8	-0.2
1780492041.542808	3.8	-0.2
1780492041.542808	3.799	-0.2
1780492041.6380203	3.799	-0.2
1780492041.6380203	3.799	-0.2
1780492041.7329814	3.799	-0.3
1780492041.7329814	3.799	-0.3
1780492041.8319726	3.799	-0.3
1780492041.8528843	3.799	-0.3
1780492041.9327285	3.799	-0.3
1780492041.9432583	3.799	-0.3
1780492041.9432583	3.799	-0.3
1780492042.0382595	3.799	-0.3
1780492042.0382595	3.799	-0.4
1780492042.1425228	3.799	-0.4
1780492042.1425228	3.799	-0.4
1780492042.2308018	3.799	-0.4
1780492042.251918	3.799	-0.4
1780492042.251918	3.799	-0.4
1780492042.3480375	3.799	-0.4
1780492042.3480375	3.799	-0.4
1780492042.443275	3.799	-0.4
1780492042.443275	3.799	-0.3
1780492042.5376956	3.799	-0.3
1780492042.5376956	3.799	-0.3
1780492042.6371524	3.799	-0.3
1780492042.648757	3.799	-0.3
1780492042.648757	3.799	-0.3
1780492042.7459333	3.799	-0.2
1780492042.7459333	3.799	-0.2
1780492042.8390572	3.799	-0.2
1780492042.8390572	3.799	-0.2
1780492042.934731	3.799	-0.2
1780492042.934731	3.799	-0.2
1780492042.955763	3.799	-0.1
1780492043.0335782	3.799	-0.1
1780492043.044106	3.799	-0.1
1780492043.1443293	3.799	-0.1
1780492043.1443293	3.799	-0.1
1780492043.2389886	3.799	-0.1
1780492043.2389886	3.799	-0.1
1780492043.336075	3.799	-0.1
1780492043.336075	3.799	-0.0
1780492043.3611422	3.799	-0.0
1780492043.429445	3.799	-0.0
1780492043.4501262	3.798	-0.0
1780492043.5451367	3.798	-0.0
1780492043.5451367	3.798	-0.0
1780492043.6391208	3.798	-0.0
1780492043.6391208	3.798	-0.0
1780492043.6601152	3.798	-0.0
1780492043.7398076	3.798	-0.1
1780492043.7563777	3.798	-0.1
1780492043.8322375	3.798	-0.1
1780492043.8528438	3.798	-0.1
1780492043.9297915	3.798	-0.1
1780492043.9401674	3.798	-0.2
1780492044.0380385	3.798	-0.2
1780492044.0380385	3.798	-0.2
1780492044.0584114	3.798	-0.2
1780492044.13404	3.798	-0.2
1780492044.1547606	3.798	-0.2
1780492044.236546	3.798	-0.2
1780492044.2471278	3.798	-0.2
1780492044.3235292	3.798	-0.2
1780492044.3441057	3.798	-0.2
1780492044.3441057	3.798	-0.2
1780492044.4380517	3.798	-0.2
1780492044.4380517	3.798	-0.2
1780492044.5358868	3.798	-0.2
1780492044.5619822	3.797	-0.2
1780492044.6347907	3.797	-0.2
1780492044.6449406	3.797	-0.2
1780492044.728249	3.797	-0.2
1780492044.749114	3.797	-0.2
1780492044.749114	3.797	-0.2
1780492044.8366916	3.797	-0.2
1780492044.8366916	3.797	-0.2
1780492044.9400375	3.797	-0.3
1780492044.9510462	3.797	-0.3
1780492045.0279732	3.797	-0.3
1780492045.0488083	3.797	-0.3
1780492045.0488083	3.797	-0.3
1780492045.1389785	3.797	-0.3
1780492045.1389785	3.797	-0.3
1780492045.2388706	3.797	-0.3
1780492045.2388706	3.797	-0.3
1780492045.3372393	3.797	-0.3
1780492045.3372393	3.797	-0.3
1780492045.427648	3.797	-0.3
1780492045.448132	3.797	-0.3
1780492045.448132	3.797	-0.3
1780492045.5431306	3.797	-0.3
1780492045.5431306	3.797	-0.3
1780492045.643536	3.797	-0.3
1780492045.643536	3.797	-0.2
1780492045.7316823	3.797	-0.2
1780492045.7316823	3.797	-0.2
1780492045.752862	3.797	-0.2
1780492045.847095	3.797	-0.2
1780492045.847095	3.797	-0.2
1780492045.9403074	3.797	-0.2
1780492045.9403074	3.797	-0.1
1780492046.039744	3.797	-0.1
1780492046.039744	3.797	-0.1
1780492046.132395	3.797	-0.1
1780492046.132395	3.797	-0.1
1780492046.1542823	3.797	-0.1
1780492046.2494226	3.797	-0.1
1780492046.2494226	3.797	-0.1
1780492046.3396604	3.797	-0.0
1780492046.3396604	3.797	-0.0
1780492046.439408	3.797	-0.0
1780492046.439408	3.797	-0.0
1780492046.4601922	3.797	-0.0
1780492046.5384774	3.797	-0.0
1780492046.5488133	3.797	-0.0
1780492046.6339147	3.797	-0.0
1780492046.6445594	3.797	-0.0
1780492046.738699	3.797	-0.0
1780492046.738699	3.797	-0.0
1780492046.8351586	3.797	-0.0
1780492046.8351586	3.797	-0.0
1780492046.8559813	3.797	-0.0
1780492046.933116	3.797	0.0
1780492046.9538045	3.797	0.0
1780492047.0272162	3.797	0.0
1780492047.0478115	3.797	0.0
1780492047.1422462	3.797	0.0
1780492047.1422462	3.797	0.0
1780492047.1422462	3.796	0.0
1780492047.242946	3.796	0.0
1780492047.2535245	3.796	0.0
1780492047.3373973	3.796	0.0
1780492047.3476179	3.796	-0.0
1780492047.4276338	3.796	-0.0
1780492047.4479866	3.796	-0.0
1780492047.5274045	3.796	-0.0
1780492047.5375319	3.796	-0.1
1780492047.5375319	3.796	-0.1
1780492047.6369777	3.796	-0.1
1780492047.6580524	3.796	-0.1
1780492047.7330897	3.796	-0.1
1780492047.7535691	3.796	-0.2
1780492047.8274548	3.796	-0.2
1780492047.8482394	3.796	-0.2
1780492047.8482394	3.796	-0.2
1780492047.9383318	3.796	-0.2
1780492047.9383318	3.796	-0.2
1780492048.0381947	3.796	-0.2
1780492048.0381947	3.796	-0.2
1780492048.1382399	3.796	-0.2
1780492048.148818	3.796	-0.2
1780492048.2252014	3.796	-0.2
1780492048.2461503	3.796	-0.2
1780492048.2461503	3.796	-0.2
1780492048.3433301	3.796	-0.2
1780492048.3433301	3.796	-0.2
1780492048.440103	3.796	-0.2
1780492048.440103	3.796	-0.1
1780492048.5352263	3.796	-0.1
1780492048.5458653	3.795	-0.1
1780492048.5458653	3.795	-0.1
1780492048.6415615	3.795	-0.1
1780492048.6415615	3.795	-0.1
1780492048.7374725	3.795	-0.1
1780492048.7374725	3.795	-0.1
1780492048.839467	3.795	-0.2
1780492048.839467	3.795	-0.2
1780492048.9343693	3.795	-0.2
1780492048.9343693	3.795	-0.2
1780492048.955055	3.795	-0.2
1780492049.0436661	3.795	-0.2
1780492049.0436661	3.795	-0.2
1780492049.1386468	3.795	-0.2
1780492049.1386468	3.795	-0.3
1780492049.2356026	3.795	-0.3
1780492049.2356026	3.795	-0.3
1780492049.256325	3.795	-0.3
1780492049.33173	3.795	-0.3
1780492049.3521423	3.795	-0.3
1780492049.4502861	3.795	-0.3
1780492049.4502861	3.795	-0.3
1780492049.54471	3.795	-0.3
1780492049.54471	3.795	-0.3
1780492049.6419466	3.795	-0.2
1780492049.6419466	3.794	-0.2
1780492049.652218	3.794	-0.2
1780492049.738	3.794	-0.2
1780492049.74814	3.794	-0.2
1780492049.8462014	3.794	-0.2
1780492049.8462014	3.794	-0.2
1780492049.9454632	3.794	-0.2
1780492049.9454632	3.794	-0.3
1780492049.9557543	3.794	-0.3
1780492050.0399976	3.794	-0.3
1780492050.0502017	3.794	-0.3
1780492050.1372178	3.794	-0.3
1780492050.1482828	3.794	-0.3
1780492050.2297509	3.794	-0.3
1780492050.23991	3.794	-0.3
1780492050.3365533	3.794	-0.3
1780492050.3365533	3.794	-0.3
1780492050.3574562	3.794	-0.3
1780492050.4327438	3.794	-0.3
1780492050.4536798	3.794	-0.3
1780492050.5287857	3.794	-0.3
1780492050.5494852	3.794	-0.3
1780492050.6336997	3.794	-0.3
1780492050.6443446	3.794	-0.3
1780492050.6443446	3.794	-0.2
1780492050.7405589	3.794	-0.2
1780492050.7405589	3.794	-0.2
1780492050.8357852	3.794	-0.2
1780492050.8565722	3.794	-0.2
1780492050.9277067	3.794	-0.2
1780492050.948006	3.794	-0.2
1780492051.0241826	3.794	-0.1
1780492051.0462954	3.794	-0.1
1780492051.0462954	3.794	-0.1
1780492051.1392121	3.794	-0.1
1780492051.1392121	3.794	-0.1
1780492051.2389026	3.794	-0.1
1780492051.2493756	3.794	-0.1
1780492051.3366024	3.794	-0.1
1780492051.347251	3.794	-0.0
1780492051.347251	3.794	-0.0
1780492051.4468002	3.794	-0.0
1780492051.4468002	3.794	-0.0
1780492051.543661	3.794	-0.0
1780492051.543661	3.794	-0.0
1780492051.632284	3.794	-0.0
1780492051.652925	3.794	-0.0
1780492051.727401	3.794	-0.0
1780492051.7481258	3.794	-0.0
1780492051.7481258	3.794	-0.0
1780492051.845343	3.794	-0.0
1780492051.845343	3.794	-0.0
1780492051.940379	3.794	-0.0
1780492051.940379	3.794	-0.0
1780492052.038084	3.794	0.0
1780492052.038084	3.793	0.0
1780492052.04895	3.793	0.0
1780492052.146207	3.793	0.0
1780492052.146207	3.793	-0.0
1780492052.2413366	3.793	-0.0
1780492052.2413366	3.793	-0.0
1780492052.3394291	3.793	-0.0
1780492052.3394291	3.793	-0.1
1780492052.4358187	3.792	-0.1
1780492052.4358187	3.792	-0.1
1780492052.4564238	3.792	-0.2
1780492052.546936	3.792	-0.2
1780492052.546936	3.792	-0.2
1780492052.6488144	3.792	-0.3
1780492052.6488144	3.792	-0.3
1780492052.736094	3.792	-0.4
1780492052.736094	3.792	-0.4
1780492052.7590795	3.792	-0.4
1780492052.8350053	3.792	-0.4
1780492052.8556511	3.792	-0.4
1780492052.9498005	3.792	-0.5
1780492052.9498005	3.792	-0.5
1780492053.045386	3.792	-0.5
1780492053.045386	3.792	-0.5
1780492053.1400895	3.792	-0.5
1780492053.1400895	3.792	-0.5
1780492053.1504524	3.792	-0.5
1780492053.2377641	3.792	-0.5
1780492053.2481573	3.792	-0.5
1780492053.3260243	3.791	-0.5
1780492053.3463228	3.791	-0.5
1780492053.4402585	3.791	-0.5
1780492053.4402585	3.791	-0.5
1780492053.4402585	3.791	-0.5
1780492053.540451	3.791	-0.5
1780492053.5506608	3.791	-0.5
1780492053.6297877	3.791	-0.5
1780492053.6502988	3.791	-0.5
1780492053.7298088	3.791	-0.5
1780492053.7506688	3.791	-0.5
1780492053.8447256	3.791	-0.5
1780492053.8447256	3.791	-0.5
1780492053.8447256	3.791	-0.5
1780492053.9404542	3.791	-0.5
1780492053.950986	3.791	-0.4
1780492054.0366566	3.791	-0.4
1780492054.046821	3.791	-0.4
1780492054.1349218	3.791	-0.4
1780492054.149769	3.791	-0.4
1780492054.149769	3.791	-0.4
1780492054.247696	3.791	-0.4
1780492054.247696	3.791	-0.3
1780492054.337258	3.791	-0.3
1780492054.358014	3.791	-0.3
1780492054.4321675	3.791	-0.3
1780492054.4527798	3.791	-0.3
1780492054.5323205	3.791	-0.2
1780492054.5430434	3.791	-0.2
1780492054.5430434	3.791	-0.2
1780492054.646182	3.791	-0.2
1780492054.646182	3.791	-0.2
1780492054.7412574	3.791	-0.2
1780492054.7412574	3.79	-0.1
1780492054.8290057	3.79	-0.1
1780492054.8499093	3.79	-0.1
1780492054.8499093	3.79	-0.1
1780492054.944473	3.79	-0.1
1780492054.944473	3.79	-0.1
1780492055.045989	3.79	-0.1
1780492055.045989	3.79	-0.2
1780492055.1360927	3.79	-0.2
1780492055.1360927	3.79	-0.2
1780492055.2372425	3.79	-0.2
1780492055.248125	3.79	-0.2
1780492055.248125	3.79	-0.2
1780492055.3463593	3.79	-0.2
1780492055.3463593	3.79	-0.2
1780492055.4402132	3.79	-0.2
1780492055.4402132	3.79	-0.2
1780492055.5382485	3.79	-0.2
1780492055.5382485	3.79	-0.2
1780492055.5590527	3.79	-0.2
1780492055.6366525	3.79	-0.2
1780492055.646862	3.79	-0.2
1780492055.7470367	3.79	-0.2
1780492055.7470367	3.79	-0.2
1780492055.8469226	3.79	-0.2
1780492055.8469226	3.79	-0.2
1780492055.9420884	3.79	-0.2
1780492055.9420884	3.79	-0.2
1780492055.9526694	3.79	-0.2
1780492056.0383964	3.79	-0.2
1780492056.0489116	3.79	-0.1
1780492056.1424663	3.79	-0.1
1780492056.1424663	3.79	-0.1
1780492056.2416134	3.79	-0.1
1780492056.2416134	3.79	-0.1
1780492056.262431	3.79	-0.1
1780492056.3368628	3.79	-0.1
1780492056.3579059	3.79	-0.1
1780492056.4322495	3.79	-0.0
1780492056.4533672	3.79	-0.0
1780492056.527378	3.79	-0.0
1780492056.547861	3.79	-0.0
1780492056.6495934	3.79	-0.0
1780492056.6495934	3.79	-0.0
1780492056.6686804	3.79	-0.0
1780492056.7324574	3.79	-0.0
1780492056.7555146	3.79	-0.0
1780492056.831937	3.79	-0.0
1780492056.8531454	3.79	-0.0
1780492056.9277217	3.79	-0.0
1780492056.9487388	3.79	-0.0
1780492056.9487388	3.79	-0.0
1780492057.0438557	3.79	-0.0
1780492057.0438557	3.79	-0.0
1780492057.1419554	3.79	0.0
1780492057.152263	3.79	0.0
1780492057.2287328	3.79	0.0
1780492057.2494166	3.79	0.0
1780492057.3258042	3.79	0.0
1780492057.3460658	3.79	0.0
1780492057.3460658	3.79	0.0
1780492057.4387734	3.79	0.0
1780492057.4387734	3.79	0.0
1780492057.5351396	3.789	0.0
1780492057.5558748	3.789	0.0
1780492057.6317713	3.789	0.0
1780492057.6520383	3.789	0.0
1780492057.6520383	3.789	-0.0
1780492057.7496717	3.789	-0.0
1780492057.7496717	3.789	-0.0
1780492057.8374815	3.789	-0.1
1780492057.8374815	3.789	-0.1
1780492057.9411924	3.789	-0.1
1780492057.9515738	3.789	-0.1
1780492058.0333226	3.789	-0.1
1780492058.0440032	3.789	-0.2
1780492058.0440032	3.789	-0.2
1780492058.1421762	3.789	-0.2
1780492058.1421762	3.789	-0.2
1780492058.2389195	3.789	-0.2
1780492058.2389195	3.789	-0.2
1780492058.3348844	3.789	-0.2
1780492058.3348844	3.789	-0.2
1780492058.348781	3.789	-0.2
1780492058.4531481	3.789	-0.2
1780492058.4531481	3.789	-0.2
1780492058.5433695	3.789	-0.2
1780492058.5433695	3.789	-0.2
1780492058.6400645	3.789	-0.2
1780492058.6400645	3.789	-0.2
1780492058.735767	3.789	-0.2
1780492058.735767	3.789	-0.2
1780492058.756234	3.789	-0.3
1780492058.8461974	3.789	-0.3
1780492058.8461974	3.789	-0.3
1780492058.9417763	3.789	-0.3
1780492058.9417763	3.789	-0.3
1780492059.040138	3.789	-0.3
1780492059.040138	3.789	-0.3
1780492059.0504582	3.789	-0.3
1780492059.1385925	3.789	-0.3
1780492059.1493766	3.789	-0.3
1780492059.2273152	3.789	-0.3
1780492059.2480023	3.789	-0.3
1780492059.3425548	3.789	-0.3
1780492059.3425548	3.789	-0.3
1780492059.4424622	3.789	-0.3
1780492059.4424622	3.789	-0.3
1780492059.4552972	3.789	-0.3
1780492059.5366726	3.789	-0.3
1780492059.547031	3.789	-0.3
1780492059.633686	3.789	-0.2
1780492059.6438468	3.789	-0.2
1780492059.7404785	3.789	-0.2
1780492059.7404785	3.789	-0.2
1780492059.7404785	3.789	-0.2
1780492059.834734	3.789	-0.2
1780492059.8610723	3.789	-0.1
1780492059.9353106	3.789	-0.1
1780492059.9601605	3.789	-0.1
1780492060.0360878	3.789	-0.1
1780492060.046244	3.789	-0.1
1780492060.1246092	3.788	-0.1
1780492060.1456323	3.788	-0.1
1780492060.1456323	3.788	-0.1
1780492060.238932	3.788	-0.1
1780492060.260072	3.788	-0.1
1780492060.336591	3.788	-0.1
1780492060.3467553	3.788	-0.1
1780492060.4324164	3.788	-0.1
1780492060.4425564	3.788	-0.2
1780492060.4425564	3.788	-0.2
1780492060.5384617	3.788	-0.2
1780492060.5384617	3.788	-0.2
1780492060.6380644	3.788	-0.2
1780492060.6380644	3.788	-0.2
1780492060.7379775	3.788	-0.2
1780492060.7486346	3.788	-0.2
1780492060.8267403	3.788	-0.2
1780492060.847311	3.788	-0.2
1780492060.847311	3.788	-0.2
1780492060.9445298	3.787	-0.2
1780492060.9445298	3.787	-0.2
1780492061.0388167	3.787	-0.3
1780492061.0388167	3.787	-0.3
1780492061.137979	3.787	-0.3
1780492061.1482973	3.787	-0.3
1780492061.1482973	3.787	-0.3
1780492061.2426667	3.787	-0.3
1780492061.2426667	3.787	-0.3
1780492061.3379133	3.787	-0.3
1780492061.3379133	3.787	-0.4
1780492061.4363697	3.787	-0.4
1780492061.4363697	3.787	-0.4
1780492061.5343769	3.787	-0.4
1780492061.5343769	3.787	-0.4
1780492061.5554037	3.787	-0.4
1780492061.6429002	3.787	-0.4
1780492061.6429002	3.787	-0.4
1780492061.741295	3.787	-0.4
1780492061.741295	3.787	-0.4
1780492061.8371465	3.787	-0.3
1780492061.8371465	3.787	-0.3
1780492061.858187	3.787	-0.3
1780492061.947339	3.787	-0.3
1780492061.947339	3.787	-0.3
1780492062.0422223	3.787	-0.3
1780492062.0422223	3.787	-0.3
1780492062.1388237	3.787	-0.2
1780492062.1388237	3.787	-0.2
1780492062.2376945	3.787	-0.2
1780492062.2376945	3.787	-0.2
1780492062.264506	3.787	-0.2
1780492062.330704	3.787	-0.1
1780492062.3512914	3.787	-0.1
1780492062.4498322	3.787	-0.1
1780492062.4498322	3.787	-0.1
1780492062.5458255	3.787	-0.1
1780492062.5458255	3.787	-0.1
1780492062.556378	3.787	-0.1
1780492062.6339004	3.787	-0.1
1780492062.654912	3.787	-0.0
1780492062.7383592	3.787	-0.0
1780492062.7487383	3.787	-0.0
1780492062.8347588	3.787	-0.0
1780492062.8463738	3.787	-0.0
1780492062.9465616	3.786	-0.0
1780492062.9465616	3.786	-0.0
1780492062.9569383	3.786	-0.0
1780492063.0372925	3.786	-0.0
1780492063.0583322	3.786	-0.0
1780492063.1363907	3.786	-0.0
1780492063.1519773	3.786	-0.1
1780492063.224497	3.786	-0.1
1780492063.2453115	3.786	-0.1
1780492063.2453115	3.786	-0.1
1780492063.3444583	3.786	-0.1
1780492063.3444583	3.786	-0.1
1780492063.43288	3.786	-0.2
1780492063.45384	3.786	-0.2
1780492063.530567	3.786	-0.2
1780492063.552017	3.786	-0.2
1780492063.6272492	3.786	-0.2
1780492063.6477597	3.786	-0.2
1780492063.6477597	3.786	-0.2
1780492063.7478154	3.785	-0.2
1780492063.7478154	3.785	-0.2
1780492063.8363347	3.785	-0.2
1780492063.8570054	3.785	-0.2
1780492063.931101	3.785	-0.3
1780492063.952051	3.785	-0.3
1780492063.952051	3.785	-0.3
1780492064.041927	3.785	-0.3
1780492064.041927	3.785	-0.3
1780492064.137181	3.785	-0.3
1780492064.137181	3.785	-0.3
1780492064.2348347	3.785	-0.4
1780492064.2555642	3.785	-0.4
1780492064.3329198	3.785	-0.4
1780492064.3534312	3.785	-0.4
1780492064.3534312	3.785	-0.4
1780492064.4403884	3.785	-0.4
1780492064.4403884	3.785	-0.4
1780492064.5375888	3.785	-0.4
1780492064.5375888	3.785	-0.4
1780492064.6328013	3.785	-0.4
1780492064.6328013	3.784	-0.4
1780492064.6532197	3.784	-0.4
1780492064.7440653	3.784	-0.4
1780492064.7440653	3.784	-0.4
1780492064.8404121	3.784	-0.4
1780492064.8404121	3.784	-0.4
1780492064.9357412	3.784	-0.4
1780492064.9357412	3.784	-0.4
1780492065.0340383	3.784	-0.4
1780492065.0340383	3.784	-0.4
1780492065.0548682	3.784	-0.4
1780492065.151681	3.784	-0.4
1780492065.151681	3.784	-0.4
1780492065.2464566	3.784	-0.4
1780492065.2464566	3.784	-0.4
1780492065.3432636	3.784	-0.4
1780492065.3432636	3.784	-0.4
1780492065.3536692	3.784	-0.4
1780492065.4384599	3.784	-0.4
1780492065.448896	3.784	-0.4
1780492065.5340743	3.784	-0.3
1780492065.5444589	3.784	-0.3
1780492065.6418734	3.784	-0.3
1780492065.6418734	3.784	-0.3
1780492065.7371655	3.784	-0.3
1780492065.7371655	3.784	-0.3
1780492065.7578351	3.784	-0.2
1780492065.837287	3.784	-0.2
1780492065.847663	3.784	-0.2
1780492065.932701	3.784	-0.2
1780492065.9431117	3.784	-0.2
1780492066.0393791	3.784	-0.2
1780492066.0393791	3.784	-0.1
1780492066.0393791	3.784	-0.1
1780492066.1431897	3.784	-0.1
1780492066.15355	3.784	-0.1
1780492066.2370186	3.784	-0.1
1780492066.2476625	3.784	-0.1
1780492066.333282	3.784	-0.1
1780492066.3439085	3.784	-0.0
1780492066.4290385	3.784	-0.0
1780492066.4392967	3.784	-0.0
1780492066.4392967	3.784	-0.0
1780492066.5359633	3.784	-0.0
1780492066.5567846	3.783	-0.0
1780492066.639126	3.783	-0.0
1780492066.6495569	3.783	-0.0
1780492066.7262428	3.783	-0.0
1780492066.7473264	3.783	-0.0
1780492066.7473264	3.783	-0.0
1780492066.8413265	3.783	-0.1
1780492066.8413265	3.783	-0.1
1780492066.93802	3.783	-0.1
1780492066.93802	3.783	-0.1
1780492067.0372214	3.783	-0.1
1780492067.047598	3.783	-0.1
1780492067.1348484	3.783	-0.2
1780492067.1452076	3.783	-0.2
1780492067.1452076	3.783	-0.2
1780492067.247778	3.783	-0.2
1780492067.247778	3.783	-0.2
1780492067.3344374	3.783	-0.2
1780492067.3344374	3.783	-0.2
1780492067.430173	3.783	-0.2
1780492067.4513123	3.783	-0.2
1780492067.4513123	3.782	-0.2
1780492067.5504396	3.782	-0.2
1780492067.5504396	3.782	-0.2
1780492067.6446636	3.782	-0.2
1780492067.6446636	3.782	-0.2
1780492067.7425363	3.782	-0.3
1780492067.7425363	3.782	-0.3
1780492067.838257	3.782	-0.3
1780492067.838257	3.782	-0.3
1780492067.8489134	3.782	-0.3
1780492067.9479878	3.782	-0.3
1780492067.9479878	3.782	-0.3
1780492068.0473878	3.782	-0.3
1780492068.0473878	3.782	-0.3
1780492068.133706	3.782	-0.3
1780492068.133706	3.782	-0.3
1780492068.15442	3.782	-0.3
1780492068.234917	3.782	-0.3
1780492068.2454586	3.782	-0.3
1780492068.3445928	3.782	-0.3
1780492068.3445928	3.782	-0.3
1780492068.4430108	3.782	-0.3
1780492068.4430108	3.782	-0.3
1780492068.5382786	3.782	-0.3
1780492068.5382786	3.782	-0.3
1780492068.558711	3.782	-0.3
1780492068.6323268	3.782	-0.3
1780492068.6529355	3.782	-0.2
1780492068.7411554	3.782	-0.2
1780492068.7411554	3.782	-0.2
1780492068.8397424	3.782	-0.2
1780492068.8397424	3.782	-0.2
1780492068.8603373	3.782	-0.2
1780492068.938751	3.782	-0.1
1780492068.9490538	3.782	-0.1
1780492069.0378885	3.782	-0.1
1780492069.04833	3.782	-0.1
1780492069.1314461	3.782	-0.1
1780492069.141641	3.782	-0.1
1780492069.2394483	3.782	-0.1
1780492069.2394483	3.782	-0.0
1780492069.260273	3.782	-0.0
1780492069.3356328	3.782	-0.0
1780492069.3601484	3.782	-0.0
1780492069.4362335	3.782	-0.0
1780492069.4467874	3.782	-0.0
1780492069.525095	3.782	-0.0
1780492069.5457406	3.782	-0.0
1780492069.5457406	3.782	-0.0
1780492069.6447	3.782	-0.0
1780492069.6447	3.782	-0.0
1780492069.7326777	3.782	-0.0
1780492069.7534585	3.782	-0.0
1780492069.838186	3.782	-0.0
1780492069.8486102	3.782	0.0
1780492069.928128	3.782	0.0
1780492069.9486842	3.782	0.0
1780492069.9486842	3.782	0.0
1780492070.0372486	3.782	0.0
1780492070.0372486	3.782	0.0
1780492070.142089	3.781	0.0
1780492070.1522949	3.781	0.0
1780492070.236306	3.781	0.0
1780492070.2465322	3.781	0.0
1780492070.2465322	3.781	-0.0
1780492070.3454025	3.781	-0.0
1780492070.3454025	3.781	-0.0
1780492070.4391708	3.781	-0.0
1780492070.4391708	3.781	-0.1
1780492070.5382178	3.781	-0.1
1780492070.5486338	3.781	-0.1
1780492070.6345825	3.781	-0.1
1780492070.6447341	3.781	-0.1
1780492070.6447341	3.781	-0.2
1780492070.749343	3.781	-0.2
1780492070.749343	3.781	-0.2
1780492070.8390193	3.781	-0.2
1780492070.8390193	3.781	-0.2
1780492070.9346716	3.781	-0.2
1780492070.9346716	3.781	-0.2
1780492070.955389	3.781	-0.2
1780492071.0485494	3.781	-0.2
1780492071.0485494	3.782	-0.2
1780492071.1478689	3.782	-0.2
1780492071.1478689	3.782	-0.2
1780492071.244814	3.782	-0.1
1780492071.244814	3.782	-0.1
1780492071.3407807	3.782	-0.0
1780492071.3407807	3.782	-0.0
1780492071.3509817	3.782	-0.0
1780492071.4539015	3.782	0.0
1780492071.4539015	3.782	0.0
1780492071.5455148	3.782	0.0
1780492071.5455148	3.782	0.1
1780492071.6404114	3.782	0.1
1780492071.6404114	3.781	0.1
1780492071.664421	3.781	0.1
1780492071.743414	3.781	0.1
1780492071.754353	3.781	0.1
1780492071.8374424	3.781	0.1
1780492071.847893	3.781	0.1
1780492071.9454503	3.781	0.1
1780492071.9454503	3.781	0.1
1780492072.0408363	3.781	0.1
1780492072.0408363	3.781	0.0
1780492072.0513656	3.781	0.0
1780492072.1411717	3.781	0.0
1780492072.151848	3.781	0.0
1780492072.2344067	3.781	0.0
1780492072.2449777	3.781	-0.0
1780492072.341252	3.781	-0.0
1780492072.341252	3.781	-0.0
1780492072.341252	3.781	-0.0
1780492072.4369226	3.781	-0.0
1780492072.4578452	3.781	-0.0
1780492072.531178	3.781	-0.0
1780492072.5518777	3.781	-0.0
1780492072.6360312	3.781	-0.0
1780492072.6464229	3.781	-0.0
1780492072.7254481	3.781	-0.0
1780492072.7464635	3.781	-0.0
1780492072.7464635	3.781	-0.0
1780492072.8349047	3.781	-0.0
1780492072.8563573	3.781	-0.0
1780492072.9316323	3.781	-0.0
1780492072.9521863	3.781	-0.0
1780492073.0266235	3.781	-0.0
1780492073.0471702	3.781	-0.0
1780492073.0471702	3.781	-0.0
1780492073.1479816	3.781	-0.0
1780492073.1479816	3.781	-0.0
1780492073.2364361	3.781	-0.0
1780492073.2364361	3.781	-0.0
1780492073.3395913	3.781	-0.0
1780492073.3500242	3.781	-0.0
1780492073.4290175	3.781	-0.0
1780492073.4496105	3.781	-0.0
1780492073.4496105	3.781	-0.0
1780492073.5453992	3.781	-0.0
1780492073.5453992	3.781	-0.0
