900.0000	 -0.0641
899.5000	 -0.0764
899.0000	 -0.0704
898.5000	 -0.0675
898.0000	 -0.0786
897.5000	 -0.0662
897.0000	 -0.0780
896.5000	 -0.0797
896.0000	 -0.0602
895.5000	 -0.0673
895.0000	 -0.0623
894.5000	 -0.0736
894.0000	 -0.0716
893.5000	 -0.0863
893.0000	 -0.0767
892.5000	 -0.0677
892.0000	 -0.0617
891.5000	 -0.0705
891.0000	 -0.0655
890.5000	 -0.0742
890.0000	 -0.0530
889.5000	 -0.0692
889.0000	 -0.0764
888.5000	 -0.0655
888.0000	 -0.0728
887.5000	 -0.0697
887.0000	 -0.0675
886.5000	 -0.0734
886.0000	 -0.0680
885.5000	 -0.0723
885.0000	 -0.0710
884.5000	 -0.0758
884.0000	 -0.0665
883.5000	 -0.0757
883.0000	 -0.0771
882.5000	 -0.0648
882.0000	 -0.0795
881.5000	 -0.0770
881.0000	 -0.0697
880.5000	 -0.0679
880.0000	 -0.0748
879.5000	 -0.0704
879.0000	 -0.0667
878.5000	 -0.0668
878.0000	 -0.0705
877.5000	 -0.0781
877.0000	 -0.0754
876.5000	 -0.0763
876.0000	 -0.0707
875.5000	 -0.0764
875.0000	 -0.0688
874.5000	 -0.0725
874.0000	 -0.0704
873.5000	 -0.0725
873.0000	 -0.0779
872.5000	 -0.0741
872.0000	 -0.0745
871.5000	 -0.0765
871.0000	 -0.0741
870.5000	 -0.0769
870.0000	 -0.0757
869.5000	 -0.0778
869.0000	 -0.0719
868.5000	 -0.0769
868.0000	 -0.0748
867.5000	 -0.0769
867.0000	 -0.0745
866.5000	 -0.0752
866.0000	 -0.0782
865.5000	 -0.0780
865.0000	 -0.0763
864.5000	 -0.0780
864.0000	 -0.0777
863.5000	 -0.0765
863.0000	 -0.0780
862.5000	 -0.0764
862.0000	 -0.0750
861.5000	 -0.0788
861.0000	 -0.0778
860.5000	 -0.0801
860.0000	 -0.0798
859.5000	 -0.0783
859.0000	 -0.0800
858.5000	 -0.0786
858.0000	 -0.0799
857.5000	 -0.0808
857.0000	 -0.0785
856.5000	 -0.0799
856.0000	 -0.0818
855.5000	 -0.0810
855.0000	 -0.0810
854.5000	 -0.0790
854.0000	 -0.0825
853.5000	 -0.0817
853.0000	 -0.0792
852.5000	 -0.0820
852.0000	 -0.0814
851.5000	 -0.0814
851.0000	 -0.0809
850.5000	 -0.0808
850.0000	 -0.0821
849.5000	 -0.0819
849.0000	 -0.0804
848.5000	 -0.0806
848.0000	 -0.0801
847.5000	 -0.0808
847.0000	 -0.0803
846.5000	 -0.0813
846.0000	 -0.0802
845.5000	 -0.0798
845.0000	 -0.0800
844.5000	 -0.0796
844.0000	 -0.0799
843.5000	 -0.0796
843.0000	 -0.0790
842.5000	 -0.0792
842.0000	 -0.0798
841.5000	 -0.0792
841.0000	 -0.0794
840.5000	 -0.0804
840.0000	 -0.0788
839.5000	 -0.0782
839.0000	 -0.0795
838.5000	 -0.0782
838.0000	 -0.0786
837.5000	 -0.0779
837.0000	 -0.0778
836.5000	 -0.0791
836.0000	 -0.0775
835.5000	 -0.0770
835.0000	 -0.0777
834.5000	 -0.0776
834.0000	 -0.0771
833.5000	 -0.0779
833.0000	 -0.0765
832.5000	 -0.0773
832.0000	 -0.0776
831.5000	 -0.0761
831.0000	 -0.0767
830.5000	 -0.0769
830.0000	 -0.0767
829.5000	 -0.0755
829.0000	 -0.0770
828.5000	 -0.0776
828.0000	 -0.0757
827.5000	 -0.0757
827.0000	 -0.0763
826.5000	 -0.0765
826.0000	 -0.0763
825.5000	 -0.0755
825.0000	 -0.0754
824.5000	 -0.0757
824.0000	 -0.0752
823.5000	 -0.0755
823.0000	 -0.0757
822.5000	 -0.0751
822.0000	 -0.0753
821.5000	 -0.0756
821.0000	 -0.0758
820.5000	 -0.0750
820.0000	 -0.0747
819.5000	 -0.0747
819.0000	 -0.0762
818.5000	 -0.0754
818.0000	 -0.0750
817.5000	 -0.0748
817.0000	 -0.0757
816.5000	 -0.0746
816.0000	 -0.0750
815.5000	 -0.0745
815.0000	 -0.0755
814.5000	 -0.0761
814.0000	 -0.0746
813.5000	 -0.0755
813.0000	 -0.0745
812.5000	 -0.0758
812.0000	 -0.0755
811.5000	 -0.0749
811.0000	 -0.0758
810.5000	 -0.0751
810.0000	 -0.0757
809.5000	 -0.0752
809.0000	 -0.0757
808.5000	 -0.0746
808.0000	 -0.0755
807.5000	 -0.0756
807.0000	 -0.0769
806.5000	 -0.0760
806.0000	 -0.0765
805.5000	 -0.0748
805.0000	 -0.0751
804.5000	 -0.0757
804.0000	 -0.0761
803.5000	 -0.0760
803.0000	 -0.0757
802.5000	 -0.0755
802.0000	 -0.0758
801.5000	 -0.0759
801.0000	 -0.0759
800.5000	 -0.0756
800.0000	 -0.0768
799.5000	 -0.0762
799.0000	 -0.0757
798.5000	 -0.0763
798.0000	 -0.0761
797.5000	 -0.0755
797.0000	 -0.0759
796.5000	 -0.0764
796.0000	 -0.0759
795.5000	 -0.0765
795.0000	 -0.0766
794.5000	 -0.0763
794.0000	 -0.0764
793.5000	 -0.0758
793.0000	 -0.0759
792.5000	 -0.0762
792.0000	 -0.0770
791.5000	 -0.0760
791.0000	 -0.0770
790.5000	 -0.0753
790.0000	 -0.0769
789.5000	 -0.0767
789.0000	 -0.0770
788.5000	 -0.0768
788.0000	 -0.0762
787.5000	 -0.0765
787.0000	 -0.0761
786.5000	 -0.0766
786.0000	 -0.0766
785.5000	 -0.0763
785.0000	 -0.0764
784.5000	 -0.0778
784.0000	 -0.0769
783.5000	 -0.0768
783.0000	 -0.0769
782.5000	 -0.0768
782.0000	 -0.0768
781.5000	 -0.0775
781.0000	 -0.0771
780.5000	 -0.0769
780.0000	 -0.0769
779.5000	 -0.0769
779.0000	 -0.0775
778.5000	 -0.0770
778.0000	 -0.0777
777.5000	 -0.0773
777.0000	 -0.0774
776.5000	 -0.0778
776.0000	 -0.0766
775.5000	 -0.0769
775.0000	 -0.0767
774.5000	 -0.0771
774.0000	 -0.0775
773.5000	 -0.0771
773.0000	 -0.0782
772.5000	 -0.0765
772.0000	 -0.0779
771.5000	 -0.0778
771.0000	 -0.0770
770.5000	 -0.0771
770.0000	 -0.0774
769.5000	 -0.0774
769.0000	 -0.0777
768.5000	 -0.0773
768.0000	 -0.0780
767.5000	 -0.0775
767.0000	 -0.0775
766.5000	 -0.0777
766.0000	 -0.0768
765.5000	 -0.0776
765.0000	 -0.0775
764.5000	 -0.0779
764.0000	 -0.0774
763.5000	 -0.0781
763.0000	 -0.0776
762.5000	 -0.0779
762.0000	 -0.0777
761.5000	 -0.0772
761.0000	 -0.0776
760.5000	 -0.0779
760.0000	 -0.0779
759.5000	 -0.0773
759.0000	 -0.0780
758.5000	 -0.0785
758.0000	 -0.0780
757.5000	 -0.0777
757.0000	 -0.0779
756.5000	 -0.0773
756.0000	 -0.0779
755.5000	 -0.0785
755.0000	 -0.0778
754.5000	 -0.0781
754.0000	 -0.0790
753.5000	 -0.0779
753.0000	 -0.0791
752.5000	 -0.0780
752.0000	 -0.0777
751.5000	 -0.0782
751.0000	 -0.0786
750.5000	 -0.0784
750.0000	 -0.0780
749.5000	 -0.0787
749.0000	 -0.0786
748.5000	 -0.0786
748.0000	 -0.0789
747.5000	 -0.0789
747.0000	 -0.0791
746.5000	 -0.0789
746.0000	 -0.0791
745.5000	 -0.0788
745.0000	 -0.0790
744.5000	 -0.0791
744.0000	 -0.0789
743.5000	 -0.0789
743.0000	 -0.0793
742.5000	 -0.0793
742.0000	 -0.0792
741.5000	 -0.0791
741.0000	 -0.0801
740.5000	 -0.0800
740.0000	 -0.0801
739.5000	 -0.0796
739.0000	 -0.0802
738.5000	 -0.0798
738.0000	 -0.0805
737.5000	 -0.0799
737.0000	 -0.0813
736.5000	 -0.0808
736.0000	 -0.0813
735.5000	 -0.0808
735.0000	 -0.0811
734.5000	 -0.0818
734.0000	 -0.0814
733.5000	 -0.0820
733.0000	 -0.0825
732.5000	 -0.0819
732.0000	 -0.0828
731.5000	 -0.0826
731.0000	 -0.0834
730.5000	 -0.0834
730.0000	 -0.0837
729.5000	 -0.0846
729.0000	 -0.0854
728.5000	 -0.0857
728.0000	 -0.0858
727.5000	 -0.0860
727.0000	 -0.0866
726.5000	 -0.0873
726.0000	 -0.0890
725.5000	 -0.0891
725.0000	 -0.0901
724.5000	 -0.0906
724.0000	 -0.0914
723.5000	 -0.0924
723.0000	 -0.0934
722.5000	 -0.0954
722.0000	 -0.0964
721.5000	 -0.0955
721.0000	 -0.0984
720.5000	 -0.0996
720.0000	 -0.0995
719.5000	 -0.1013
719.0000	 -0.1017
718.5000	 -0.1026
718.0000	 -0.1035
717.5000	 -0.1037
717.0000	 -0.1018
716.5000	 -0.1016
716.0000	 -0.1013
715.5000	 -0.0999
715.0000	 -0.0991
714.5000	 -0.0964
714.0000	 -0.0953
713.5000	 -0.0942
713.0000	 -0.0922
712.5000	 -0.0909
712.0000	 -0.0903
711.5000	 -0.0885
711.0000	 -0.0879
710.5000	 -0.0868
710.0000	 -0.0857
709.5000	 -0.0842
709.0000	 -0.0832
708.5000	 -0.0830
708.0000	 -0.0817
707.5000	 -0.0815
707.0000	 -0.0814
706.5000	 -0.0812
706.0000	 -0.0821
705.5000	 -0.0817
705.0000	 -0.0819
704.5000	 -0.0814
704.0000	 -0.0816
703.5000	 -0.0817
703.0000	 -0.0816
702.5000	 -0.0816
702.0000	 -0.0820
701.5000	 -0.0812
701.0000	 -0.0816
700.5000	 -0.0811
700.0000	 -0.0806
699.5000	 -0.0805
699.0000	 -0.0812
698.5000	 -0.0808
698.0000	 -0.0810
697.5000	 -0.0810
697.0000	 -0.0811
696.5000	 -0.0812
696.0000	 -0.0814
695.5000	 -0.0813
695.0000	 -0.0809
694.5000	 -0.0809
694.0000	 -0.0816
693.5000	 -0.0802
693.0000	 -0.0810
692.5000	 -0.0807
692.0000	 -0.0807
691.5000	 -0.0806
691.0000	 -0.0809
690.5000	 -0.0814
690.0000	 -0.0806
689.5000	 -0.0807
689.0000	 -0.0806
688.5000	 -0.0804
688.0000	 -0.0809
687.5000	 -0.0804
687.0000	 -0.0796
686.5000	 -0.0803
686.0000	 -0.0800
685.5000	 -0.0802
685.0000	 -0.0800
684.5000	 -0.0797
684.0000	 -0.0804
683.5000	 -0.0797
683.0000	 -0.0807
682.5000	 -0.0800
682.0000	 -0.0801
681.5000	 -0.0802
681.0000	 -0.0795
680.5000	 -0.0804
680.0000	 -0.0792
679.5000	 -0.0799
679.0000	 -0.0800
678.5000	 -0.0799
678.0000	 -0.0799
677.5000	 -0.0801
677.0000	 -0.0794
676.5000	 -0.0797
676.0000	 -0.0800
675.5000	 -0.0802
675.0000	 -0.0799
674.5000	 -0.0795
674.0000	 -0.0796
673.5000	 -0.0797
673.0000	 -0.0794
672.5000	 -0.0790
672.0000	 -0.0789
671.5000	 -0.0800
671.0000	 -0.0792
670.5000	 -0.0801
670.0000	 -0.0795
669.5000	 -0.0788
669.0000	 -0.0798
668.5000	 -0.0797
668.0000	 -0.0790
667.5000	 -0.0795
667.0000	 -0.0786
666.5000	 -0.0796
666.0000	 -0.0792
665.5000	 -0.0797
665.0000	 -0.0792
664.5000	 -0.0785
664.0000	 -0.0791
663.5000	 -0.0793
663.0000	 -0.0790
662.5000	 -0.0787
662.0000	 -0.0791
661.5000	 -0.0791
661.0000	 -0.0790
660.5000	 -0.0784
660.0000	 -0.0786
659.5000	 -0.0782
659.0000	 -0.0788
658.5000	 -0.0787
658.0000	 -0.0783
657.5000	 -0.0782
657.0000	 -0.0783
656.5000	 -0.0784
656.0000	 -0.0788
655.5000	 -0.0781
655.0000	 -0.0782
654.5000	 -0.0785
654.0000	 -0.0776
653.5000	 -0.0786
653.0000	 -0.0780
652.5000	 -0.0776
652.0000	 -0.0781
651.5000	 -0.0779
651.0000	 -0.0782
650.5000	 -0.0778
650.0000	 -0.0769
649.5000	 -0.0774
649.0000	 -0.0769
648.5000	 -0.0773
648.0000	 -0.0770
647.5000	 -0.0770
647.0000	 -0.0771
646.5000	 -0.0767
646.0000	 -0.0765
645.5000	 -0.0767
645.0000	 -0.0764
644.5000	 -0.0760
644.0000	 -0.0764
643.5000	 -0.0760
643.0000	 -0.0762
642.5000	 -0.0759
642.0000	 -0.0753
641.5000	 -0.0759
641.0000	 -0.0752
640.5000	 -0.0750
640.0000	 -0.0755
639.5000	 -0.0752
639.0000	 -0.0752
638.5000	 -0.0743
638.0000	 -0.0740
637.5000	 -0.0741
637.0000	 -0.0740
636.5000	 -0.0738
636.0000	 -0.0738
635.5000	 -0.0733
635.0000	 -0.0732
634.5000	 -0.0735
634.0000	 -0.0729
633.5000	 -0.0730
633.0000	 -0.0729
632.5000	 -0.0724
632.0000	 -0.0728
631.5000	 -0.0730
631.0000	 -0.0727
630.5000	 -0.0736
630.0000	 -0.0735
629.5000	 -0.0744
629.0000	 -0.0745
628.5000	 -0.0746
628.0000	 -0.0765
627.5000	 -0.0761
627.0000	 -0.0774
626.5000	 -0.0779
626.0000	 -0.0788
625.5000	 -0.0797
625.0000	 -0.0802
624.5000	 -0.0808
624.0000	 -0.0818
623.5000	 -0.0825
623.0000	 -0.0835
622.5000	 -0.0841
622.0000	 -0.0841
621.5000	 -0.0853
621.0000	 -0.0853
620.5000	 -0.0861
620.0000	 -0.0871
619.5000	 -0.0862
619.0000	 -0.0866
618.5000	 -0.0873
618.0000	 -0.0868
617.5000	 -0.0866
617.0000	 -0.0865
616.5000	 -0.0862
616.0000	 -0.0862
615.5000	 -0.0856
615.0000	 -0.0856
614.5000	 -0.0855
614.0000	 -0.0859
613.5000	 -0.0859
613.0000	 -0.0859
612.5000	 -0.0852
612.0000	 -0.0861
611.5000	 -0.0861
611.0000	 -0.0855
610.5000	 -0.0855
610.0000	 -0.0857
609.5000	 -0.0856
609.0000	 -0.0861
608.5000	 -0.0854
608.0000	 -0.0860
607.5000	 -0.0854
607.0000	 -0.0853
606.5000	 -0.0863
606.0000	 -0.0860
605.5000	 -0.0859
605.0000	 -0.0852
604.5000	 -0.0857
604.0000	 -0.0864
603.5000	 -0.0861
603.0000	 -0.0861
602.5000	 -0.0859
602.0000	 -0.0865
601.5000	 -0.0863
601.0000	 -0.0864
600.5000	 -0.0857
600.0000	 -0.0858
599.5000	 -0.0864
599.0000	 -0.0859
598.5000	 -0.0867
598.0000	 -0.0863
597.5000	 -0.0859
597.0000	 -0.0862
596.5000	 -0.0864
596.0000	 -0.0864
595.5000	 -0.0867
595.0000	 -0.0865
594.5000	 -0.0868
594.0000	 -0.0867
593.5000	 -0.0866
593.0000	 -0.0867
592.5000	 -0.0864
592.0000	 -0.0865
591.5000	 -0.0869
591.0000	 -0.0872
590.5000	 -0.0866
590.0000	 -0.0877
589.5000	 -0.0870
589.0000	 -0.0876
588.5000	 -0.0872
588.0000	 -0.0872
587.5000	 -0.0877
587.0000	 -0.0872
586.5000	 -0.0872
586.0000	 -0.0873
585.5000	 -0.0871
585.0000	 -0.0875
584.5000	 -0.0875
584.0000	 -0.0873
583.5000	 -0.0871
583.0000	 -0.0872
582.5000	 -0.0877
582.0000	 -0.0879
581.5000	 -0.0874
581.0000	 -0.0878
580.5000	 -0.0882
580.0000	 -0.0875
579.5000	 -0.0879
579.0000	 -0.0880
578.5000	 -0.0874
578.0000	 -0.0881
577.5000	 -0.0878
577.0000	 -0.0884
576.5000	 -0.0883
576.0000	 -0.0878
575.5000	 -0.0881
575.0000	 -0.0881
574.5000	 -0.0880
574.0000	 -0.0882
573.5000	 -0.0883
573.0000	 -0.0883
572.5000	 -0.0889
572.0000	 -0.0885
571.5000	 -0.0878
571.0000	 -0.0888
570.5000	 -0.0886
570.0000	 -0.0887
569.5000	 -0.0883
569.0000	 -0.0884
568.5000	 -0.0892
568.0000	 -0.0888
567.5000	 -0.0885
567.0000	 -0.0890
566.5000	 -0.0891
566.0000	 -0.0889
565.5000	 -0.0892
565.0000	 -0.0887
564.5000	 -0.0890
564.0000	 -0.0892
563.5000	 -0.0892
563.0000	 -0.0892
562.5000	 -0.0892
562.0000	 -0.0888
561.5000	 -0.0895
561.0000	 -0.0891
560.5000	 -0.0891
560.0000	 -0.0898
559.5000	 -0.0900
559.0000	 -0.0898
558.5000	 -0.0902
558.0000	 -0.0903
557.5000	 -0.0899
557.0000	 -0.0900
556.5000	 -0.0902
556.0000	 -0.0902
555.5000	 -0.0904
555.0000	 -0.0903
554.5000	 -0.0903
554.0000	 -0.0902
553.5000	 -0.0902
553.0000	 -0.0908
552.5000	 -0.0907
552.0000	 -0.0906
551.5000	 -0.0903
551.0000	 -0.0906
550.5000	 -0.0905
550.0000	 -0.0908
549.5000	 -0.0903
549.0000	 -0.0908
548.5000	 -0.0910
548.0000	 -0.0906
547.5000	 -0.0909
547.0000	 -0.0912
546.5000	 -0.0907
546.0000	 -0.0914
545.5000	 -0.0908
545.0000	 -0.0910
544.5000	 -0.0906
544.0000	 -0.0910
543.5000	 -0.0911
543.0000	 -0.0907
542.5000	 -0.0910
542.0000	 -0.0907
541.5000	 -0.0909
541.0000	 -0.0912
540.5000	 -0.0909
540.0000	 -0.0908
539.5000	 -0.0911
539.0000	 -0.0910
538.5000	 -0.0911
538.0000	 -0.0910
537.5000	 -0.0908
537.0000	 -0.0913
536.5000	 -0.0917
536.0000	 -0.0913
535.5000	 -0.0907
535.0000	 -0.0909
534.5000	 -0.0906
534.0000	 -0.0915
533.5000	 -0.0907
533.0000	 -0.0912
532.5000	 -0.0910
532.0000	 -0.0910
531.5000	 -0.0913
531.0000	 -0.0913
530.5000	 -0.0907
530.0000	 -0.0908
529.5000	 -0.0911
529.0000	 -0.0912
528.5000	 -0.0908
528.0000	 -0.0908
527.5000	 -0.0909
527.0000	 -0.0910
526.5000	 -0.0909
526.0000	 -0.0909
525.5000	 -0.0906
525.0000	 -0.0910
524.5000	 -0.0911
524.0000	 -0.0907
523.5000	 -0.0906
523.0000	 -0.0906
522.5000	 -0.0904
522.0000	 -0.0904
521.5000	 -0.0907
521.0000	 -0.0906
520.5000	 -0.0898
520.0000	 -0.0903
519.5000	 -0.0903
519.0000	 -0.0905
518.5000	 -0.0899
518.0000	 -0.0899
517.5000	 -0.0906
517.0000	 -0.0898
516.5000	 -0.0901
516.0000	 -0.0895
515.5000	 -0.0898
515.0000	 -0.0902
514.5000	 -0.0898
514.0000	 -0.0894
513.5000	 -0.0896
513.0000	 -0.0893
512.5000	 -0.0895
512.0000	 -0.0895
511.5000	 -0.0897
511.0000	 -0.0893
510.5000	 -0.0895
510.0000	 -0.0896
509.5000	 -0.0897
509.0000	 -0.0896
508.5000	 -0.0896
508.0000	 -0.0896
507.5000	 -0.0901
507.0000	 -0.0908
506.5000	 -0.0909
506.0000	 -0.0907
505.5000	 -0.0921
505.0000	 -0.0923
504.5000	 -0.0928
504.0000	 -0.0930
503.5000	 -0.0938
503.0000	 -0.0947
502.5000	 -0.0945
502.0000	 -0.0951
501.5000	 -0.0950
501.0000	 -0.0961
500.5000	 -0.0967
500.0000	 -0.0971
499.5000	 -0.0972
499.0000	 -0.0974
498.5000	 -0.0985
498.0000	 -0.0989
497.5000	 -0.0992
497.0000	 -0.0987
496.5000	 -0.0996
496.0000	 -0.1002
495.5000	 -0.1004
495.0000	 -0.1005
494.5000	 -0.1009
494.0000	 -0.1009
493.5000	 -0.1012
493.0000	 -0.1017
492.5000	 -0.1017
492.0000	 -0.1021
491.5000	 -0.1025
491.0000	 -0.1035
490.5000	 -0.1029
490.0000	 -0.1030
489.5000	 -0.1030
489.0000	 -0.1031
488.5000	 -0.1035
488.0000	 -0.1033
487.5000	 -0.1029
487.0000	 -0.1037
486.5000	 -0.1039
486.0000	 -0.1036
485.5000	 -0.1044
485.0000	 -0.1041
484.5000	 -0.1045
484.0000	 -0.1050
483.5000	 -0.1054
483.0000	 -0.1052
482.5000	 -0.1054
482.0000	 -0.1053
481.5000	 -0.1063
481.0000	 -0.1063
480.5000	 -0.1064
480.0000	 -0.1065
479.5000	 -0.1075
479.0000	 -0.1075
478.5000	 -0.1083
478.0000	 -0.1081
477.5000	 -0.1087
477.0000	 -0.1098
476.5000	 -0.1090
476.0000	 -0.1099
475.5000	 -0.1101
475.0000	 -0.1099
474.5000	 -0.1112
474.0000	 -0.1117
473.5000	 -0.1124
473.0000	 -0.1127
472.5000	 -0.1133
472.0000	 -0.1139
471.5000	 -0.1144
471.0000	 -0.1146
470.5000	 -0.1155
470.0000	 -0.1161
469.5000	 -0.1168
469.0000	 -0.1171
468.5000	 -0.1178
468.0000	 -0.1186
467.5000	 -0.1188
467.0000	 -0.1197
466.5000	 -0.1207
466.0000	 -0.1210
465.5000	 -0.1220
465.0000	 -0.1225
464.5000	 -0.1240
464.0000	 -0.1243
463.5000	 -0.1251
463.0000	 -0.1253
462.5000	 -0.1261
462.0000	 -0.1266
461.5000	 -0.1275
461.0000	 -0.1278
460.5000	 -0.1287
460.0000	 -0.1284
459.5000	 -0.1300
459.0000	 -0.1297
458.5000	 -0.1301
458.0000	 -0.1297
457.5000	 -0.1302
457.0000	 -0.1307
456.5000	 -0.1308
456.0000	 -0.1301
455.5000	 -0.1310
455.0000	 -0.1305
454.5000	 -0.1301
454.0000	 -0.1301
453.5000	 -0.1295
453.0000	 -0.1295
452.5000	 -0.1288
452.0000	 -0.1290
451.5000	 -0.1276
451.0000	 -0.1274
450.5000	 -0.1272
450.0000	 -0.1257
449.5000	 -0.1250
449.0000	 -0.1250
448.5000	 -0.1235
448.0000	 -0.1239
447.5000	 -0.1231
447.0000	 -0.1222
446.5000	 -0.1229
446.0000	 -0.1217
445.5000	 -0.1217
445.0000	 -0.1215
444.5000	 -0.1209
444.0000	 -0.1204
443.5000	 -0.1206
443.0000	 -0.1208
442.5000	 -0.1207
442.0000	 -0.1204
441.5000	 -0.1191
441.0000	 -0.1204
440.5000	 -0.1198
440.0000	 -0.1200
439.5000	 -0.1196
439.0000	 -0.1197
438.5000	 -0.1205
438.0000	 -0.1204
437.5000	 -0.1209
437.0000	 -0.1205
436.5000	 -0.1199
436.0000	 -0.1204
435.5000	 -0.1203
435.0000	 -0.1204
434.5000	 -0.1196
434.0000	 -0.1201
433.5000	 -0.1203
433.0000	 -0.1210
432.5000	 -0.1199
432.0000	 -0.1211
431.5000	 -0.1209
431.0000	 -0.1209
430.5000	 -0.1220
430.0000	 -0.1214
429.5000	 -0.1220
429.0000	 -0.1227
428.5000	 -0.1225
428.0000	 -0.1229
427.5000	 -0.1228
427.0000	 -0.1234
426.5000	 -0.1236
426.0000	 -0.1237
425.5000	 -0.1239
425.0000	 -0.1239
424.5000	 -0.1248
424.0000	 -0.1247
423.5000	 -0.1250
423.0000	 -0.1252
422.5000	 -0.1259
422.0000	 -0.1257
421.5000	 -0.1258
421.0000	 -0.1272
420.5000	 -0.1270
420.0000	 -0.1273
419.5000	 -0.1268
419.0000	 -0.1278
418.5000	 -0.1280
418.0000	 -0.1278
417.5000	 -0.1279
417.0000	 -0.1283
416.5000	 -0.1290
416.0000	 -0.1295
415.5000	 -0.1286
415.0000	 -0.1292
414.5000	 -0.1304
414.0000	 -0.1300
413.5000	 -0.1303
413.0000	 -0.1311
412.5000	 -0.1310
412.0000	 -0.1313
411.5000	 -0.1313
411.0000	 -0.1310
410.5000	 -0.1320
410.0000	 -0.1319
409.5000	 -0.1319
409.0000	 -0.1326
408.5000	 -0.1327
408.0000	 -0.1331
407.5000	 -0.1335
407.0000	 -0.1335
406.5000	 -0.1331
406.0000	 -0.1341
405.5000	 -0.1341
405.0000	 -0.1351
404.5000	 -0.1351
404.0000	 -0.1349
403.5000	 -0.1344
403.0000	 -0.1350
402.5000	 -0.1364
402.0000	 -0.1355
401.5000	 -0.1365
401.0000	 -0.1359
400.5000	 -0.1366
400.0000	 -0.1367
399.5000	 -0.1360
399.0000	 -0.1360
398.5000	 -0.1364
398.0000	 -0.1372
397.5000	 -0.1378
397.0000	 -0.1385
396.5000	 -0.1384
396.0000	 -0.1389
395.5000	 -0.1388
395.0000	 -0.1390
394.5000	 -0.1394
394.0000	 -0.1385
393.5000	 -0.1390
393.0000	 -0.1405
392.5000	 -0.1407
392.0000	 -0.1411
391.5000	 -0.1397
391.0000	 -0.1401
390.5000	 -0.1428
390.0000	 -0.1430
389.5000	 -0.1424
389.0000	 -0.1424
388.5000	 -0.1441
388.0000	 -0.1441
387.5000	 -0.1435
387.0000	 -0.1448
386.5000	 -0.1461
386.0000	 -0.1451
385.5000	 -0.1453
385.0000	 -0.1481
384.5000	 -0.1460
384.0000	 -0.1464
383.5000	 -0.1493
383.0000	 -0.1488
382.5000	 -0.1496
382.0000	 -0.1495
381.5000	 -0.1505
381.0000	 -0.1496
380.5000	 -0.1511
380.0000	 -0.1515
379.5000	 -0.1506
379.0000	 -0.1524
378.5000	 -0.1535
378.0000	 -0.1539
377.5000	 -0.1528
377.0000	 -0.1523
376.5000	 -0.1539
376.0000	 -0.1544
375.5000	 -0.1549
375.0000	 -0.1550
374.5000	 -0.1542
374.0000	 -0.1557
373.5000	 -0.1557
373.0000	 -0.1556
372.5000	 -0.1558
372.0000	 -0.1556
371.5000	 -0.1573
371.0000	 -0.1572
370.5000	 -0.1570
370.0000	 -0.1569
369.5000	 -0.1591
369.0000	 -0.1578
368.5000	 -0.1589
368.0000	 -0.1584
367.5000	 -0.1590
367.0000	 -0.1585
366.5000	 -0.1595
366.0000	 -0.1605
365.5000	 -0.1589
365.0000	 -0.1615
364.5000	 -0.1590
364.0000	 -0.1623
363.5000	 -0.1615
363.0000	 -0.1611
362.5000	 -0.1615
362.0000	 -0.1614
361.5000	 -0.1626
361.0000	 -0.1640
360.5000	 -0.1628
360.0000	 -0.1631
359.5000	 -0.1657
359.0000	 -0.1655
358.5000	 -0.1654
358.0000	 -0.1651
357.5000	 -0.1656
357.0000	 -0.1656
356.5000	 -0.1666
356.0000	 -0.1653
355.5000	 -0.1657
355.0000	 -0.1667
354.5000	 -0.1655
354.0000	 -0.1676
353.5000	 -0.1702
353.0000	 -0.1680
352.5000	 -0.1687
352.0000	 -0.1715
351.5000	 -0.1697
351.0000	 -0.1706
350.5000	 -0.1715
350.0000	 -0.1710
