24/06/2026 17.02.14
24/06/2026 17.09.35

900.0000	  0.1910

900.0000	  0.1910

900.0000	  0.1710



  1.0000
900.0000
  3.0000
340.0000
  1.0000
1101.0000
  5.0000
  6.0000
  2.0000
  1.0000
  0.0000
  0.0000
100.0000
  0.0000
  1.0000
  0.0000
500.0000
900.0000
350.0000
  4.0000
  1.0000
 18.0000
  2.0000
  1.0000
255.0000
  0.8447
  1.0000
 30.0000
  4.0000
500.0000
  0.0000
  0.0000
  4.0000
900.0000
350.0000
  0.0000
100.0000
  0.0000
  1.0000
  0.0000
500.0000
  1.0000
  1.0000
  1.0000
  1.0000
  4.0000
  0.0000
  1.0000
  1.0000
  1.0000
  1.0000
  1.0000
  2.0000
  1.0000
  1.0000
  1.0000
  3.0000
  1.0000
  1.0000
  1.0000
  4.0000
  5.0000
441.521
0.000
900.0000	  0.1961
899.5000	  0.1693
899.0000	  0.1623
898.5000	  0.1691
898.0000	  0.1765
897.5000	  0.1685
897.0000	  0.1817
896.5000	  0.1763
896.0000	  0.1640
895.5000	  0.1702
895.0000	  0.1775
894.5000	  0.1695
894.0000	  0.1618
893.5000	  0.1616
893.0000	  0.1672
892.5000	  0.1750
892.0000	  0.1794
891.5000	  0.1729
891.0000	  0.1855
890.5000	  0.1752
890.0000	  0.1839
889.5000	  0.1836
889.0000	  0.1827
888.5000	  0.1792
888.0000	  0.1725
887.5000	  0.1916
887.0000	  0.1822
886.5000	  0.1702
886.0000	  0.1772
885.5000	  0.1753
885.0000	  0.1774
884.5000	  0.1760
884.0000	  0.1727
883.5000	  0.1823
883.0000	  0.1842
882.5000	  0.1784
882.0000	  0.1822
881.5000	  0.1757
881.0000	  0.1838
880.5000	  0.1723
880.0000	  0.1787
879.5000	  0.1840
879.0000	  0.1803
878.5000	  0.1789
878.0000	  0.1720
877.5000	  0.1870
877.0000	  0.1782
876.5000	  0.1823
876.0000	  0.1742
875.5000	  0.1826
875.0000	  0.1828
874.5000	  0.1801
874.0000	  0.1750
873.5000	  0.1798
873.0000	  0.1797
872.5000	  0.1777
872.0000	  0.1776
871.5000	  0.1826
871.0000	  0.1770
870.5000	  0.1788
870.0000	  0.1765
869.5000	  0.1762
869.0000	  0.1820
868.5000	  0.1814
868.0000	  0.1788
867.5000	  0.1747
867.0000	  0.1739
866.5000	  0.1797
866.0000	  0.1793
865.5000	  0.1762
865.0000	  0.1778
864.5000	  0.1769
864.0000	  0.1782
863.5000	  0.1753
863.0000	  0.1796
862.5000	  0.1795
862.0000	  0.1778
861.5000	  0.1766
861.0000	  0.1758
860.5000	  0.1786
860.0000	  0.1762
859.5000	  0.1761
859.0000	  0.1770
858.5000	  0.1771
858.0000	  0.1763
857.5000	  0.1758
857.0000	  0.1787
856.5000	  0.1778
856.0000	  0.1751
855.5000	  0.1771
855.0000	  0.1757
854.5000	  0.1749
854.0000	  0.1741
853.5000	  0.1755
853.0000	  0.1747
852.5000	  0.1762
852.0000	  0.1760
851.5000	  0.1757
851.0000	  0.1747
850.5000	  0.1758
850.0000	  0.1765
849.5000	  0.1748
849.0000	  0.1753
848.5000	  0.1763
848.0000	  0.1752
847.5000	  0.1758
847.0000	  0.1750
846.5000	  0.1747
846.0000	  0.1748
845.5000	  0.1743
845.0000	  0.1748
844.5000	  0.1762
844.0000	  0.1755
843.5000	  0.1746
843.0000	  0.1759
842.5000	  0.1759
842.0000	  0.1770
841.5000	  0.1747
841.0000	  0.1744
840.5000	  0.1755
840.0000	  0.1762
839.5000	  0.1751
839.0000	  0.1752
838.5000	  0.1760
838.0000	  0.1756
837.5000	  0.1774
837.0000	  0.1754
836.5000	  0.1775
836.0000	  0.1766
835.5000	  0.1762
835.0000	  0.1769
834.5000	  0.1763
834.0000	  0.1770
833.5000	  0.1765
833.0000	  0.1765
832.5000	  0.1763
832.0000	  0.1770
831.5000	  0.1776
831.0000	  0.1776
830.5000	  0.1768
830.0000	  0.1769
829.5000	  0.1771
829.0000	  0.1777
828.5000	  0.1780
828.0000	  0.1775
827.5000	  0.1780
827.0000	  0.1777
826.5000	  0.1773
826.0000	  0.1779
825.5000	  0.1776
825.0000	  0.1770
824.5000	  0.1780
824.0000	  0.1775
823.5000	  0.1780
823.0000	  0.1778
822.5000	  0.1774
822.0000	  0.1774
821.5000	  0.1782
821.0000	  0.1780
820.5000	  0.1781
820.0000	  0.1789
819.5000	  0.1777
819.0000	  0.1779
818.5000	  0.1774
818.0000	  0.1783
817.5000	  0.1791
817.0000	  0.1795
816.5000	  0.1777
816.0000	  0.1775
815.5000	  0.1771
815.0000	  0.1790
814.5000	  0.1780
814.0000	  0.1777
813.5000	  0.1787
813.0000	  0.1779
812.5000	  0.1781
812.0000	  0.1786
811.5000	  0.1772
811.0000	  0.1792
810.5000	  0.1778
810.0000	  0.1789
809.5000	  0.1788
809.0000	  0.1778
808.5000	  0.1777
808.0000	  0.1782
807.5000	  0.1788
807.0000	  0.1777
806.5000	  0.1773
806.0000	  0.1781
805.5000	  0.1768
805.0000	  0.1777
804.5000	  0.1786
804.0000	  0.1779
803.5000	  0.1776
803.0000	  0.1781
802.5000	  0.1776
802.0000	  0.1783
801.5000	  0.1783
801.0000	  0.1773
800.5000	  0.1785
800.0000	  0.1775
799.5000	  0.1779
799.0000	  0.1774
798.5000	  0.1781
798.0000	  0.1773
797.5000	  0.1775
797.0000	  0.1780
796.5000	  0.1774
796.0000	  0.1776
795.5000	  0.1763
795.0000	  0.1778
794.5000	  0.1770
794.0000	  0.1775
793.5000	  0.1767
793.0000	  0.1771
792.5000	  0.1764
792.0000	  0.1771
791.5000	  0.1774
791.0000	  0.1775
790.5000	  0.1764
790.0000	  0.1765
789.5000	  0.1777
789.0000	  0.1769
788.5000	  0.1782
788.0000	  0.1773
787.5000	  0.1766
787.0000	  0.1776
786.5000	  0.1757
786.0000	  0.1777
785.5000	  0.1776
785.0000	  0.1764
784.5000	  0.1771
784.0000	  0.1768
783.5000	  0.1772
783.0000	  0.1773
782.5000	  0.1766
782.0000	  0.1765
781.5000	  0.1761
781.0000	  0.1762
780.5000	  0.1773
780.0000	  0.1768
779.5000	  0.1759
779.0000	  0.1765
778.5000	  0.1764
778.0000	  0.1771
777.5000	  0.1771
777.0000	  0.1766
776.5000	  0.1765
776.0000	  0.1763
775.5000	  0.1766
775.0000	  0.1767
774.5000	  0.1769
774.0000	  0.1764
773.5000	  0.1759
773.0000	  0.1766
772.5000	  0.1766
772.0000	  0.1764
771.5000	  0.1763
771.0000	  0.1761
770.5000	  0.1759
770.0000	  0.1761
769.5000	  0.1764
769.0000	  0.1758
768.5000	  0.1769
768.0000	  0.1766
767.5000	  0.1764
767.0000	  0.1768
766.5000	  0.1765
766.0000	  0.1753
765.5000	  0.1758
765.0000	  0.1761
764.5000	  0.1760
764.0000	  0.1760
763.5000	  0.1752
763.0000	  0.1755
762.5000	  0.1763
762.0000	  0.1752
761.5000	  0.1766
761.0000	  0.1760
760.5000	  0.1761
760.0000	  0.1761
759.5000	  0.1757
759.0000	  0.1762
758.5000	  0.1759
758.0000	  0.1758
757.5000	  0.1753
757.0000	  0.1752
756.5000	  0.1752
756.0000	  0.1763
755.5000	  0.1755
755.0000	  0.1753
754.5000	  0.1755
754.0000	  0.1753
753.5000	  0.1758
753.0000	  0.1762
752.5000	  0.1753
752.0000	  0.1751
751.5000	  0.1760
751.0000	  0.1746
750.5000	  0.1751
750.0000	  0.1756
749.5000	  0.1759
749.0000	  0.1753
748.5000	  0.1745
748.0000	  0.1753
747.5000	  0.1751
747.0000	  0.1753
746.5000	  0.1746
746.0000	  0.1751
745.5000	  0.1739
745.0000	  0.1748
744.5000	  0.1751
744.0000	  0.1746
743.5000	  0.1744
743.0000	  0.1737
742.5000	  0.1751
742.0000	  0.1745
741.5000	  0.1744
741.0000	  0.1738
740.5000	  0.1738
740.0000	  0.1739
739.5000	  0.1749
739.0000	  0.1736
738.5000	  0.1732
738.0000	  0.1739
737.5000	  0.1734
737.0000	  0.1739
736.5000	  0.1738
736.0000	  0.1735
735.5000	  0.1726
735.0000	  0.1727
734.5000	  0.1719
734.0000	  0.1720
733.5000	  0.1722
733.0000	  0.1709
732.5000	  0.1713
732.0000	  0.1710
731.5000	  0.1716
731.0000	  0.1713
730.5000	  0.1702
730.0000	  0.1704
729.5000	  0.1694
729.0000	  0.1694
728.5000	  0.1689
728.0000	  0.1682
727.5000	  0.1679
727.0000	  0.1677
726.5000	  0.1666
726.0000	  0.1665
725.5000	  0.1651
725.0000	  0.1647
724.5000	  0.1645
724.0000	  0.1620
723.5000	  0.1631
723.0000	  0.1614
722.5000	  0.1601
722.0000	  0.1590
721.5000	  0.1593
721.0000	  0.1573
720.5000	  0.1568
720.0000	  0.1557
719.5000	  0.1537
719.0000	  0.1539
718.5000	  0.1534
718.0000	  0.1529
717.5000	  0.1531
717.0000	  0.1533
716.5000	  0.1537
716.0000	  0.1542
715.5000	  0.1552
715.0000	  0.1578
714.5000	  0.1590
714.0000	  0.1594
713.5000	  0.1617
713.0000	  0.1628
712.5000	  0.1631
712.0000	  0.1659
711.5000	  0.1665
711.0000	  0.1672
710.5000	  0.1686
710.0000	  0.1690
709.5000	  0.1704
709.0000	  0.1708
708.5000	  0.1709
708.0000	  0.1719
707.5000	  0.1726
707.0000	  0.1723
706.5000	  0.1726
706.0000	  0.1717
705.5000	  0.1721
705.0000	  0.1722
704.5000	  0.1715
704.0000	  0.1719
703.5000	  0.1723
703.0000	  0.1720
702.5000	  0.1726
702.0000	  0.1715
701.5000	  0.1716
701.0000	  0.1727
700.5000	  0.1721
700.0000	  0.1715
699.5000	  0.1721
699.0000	  0.1722
698.5000	  0.1721
698.0000	  0.1721
697.5000	  0.1718
697.0000	  0.1723
696.5000	  0.1720
696.0000	  0.1727
695.5000	  0.1721
695.0000	  0.1725
694.5000	  0.1724
694.0000	  0.1726
693.5000	  0.1718
693.0000	  0.1727
692.5000	  0.1723
692.0000	  0.1723
691.5000	  0.1723
691.0000	  0.1722
690.5000	  0.1723
690.0000	  0.1734
689.5000	  0.1724
689.0000	  0.1721
688.5000	  0.1724
688.0000	  0.1726
687.5000	  0.1732
687.0000	  0.1726
686.5000	  0.1726
686.0000	  0.1724
685.5000	  0.1726
685.0000	  0.1726
684.5000	  0.1733
684.0000	  0.1729
683.5000	  0.1728
683.0000	  0.1724
682.5000	  0.1725
682.0000	  0.1728
681.5000	  0.1728
681.0000	  0.1724
680.5000	  0.1722
680.0000	  0.1723
679.5000	  0.1725
679.0000	  0.1735
678.5000	  0.1726
678.0000	  0.1725
677.5000	  0.1729
677.0000	  0.1726
676.5000	  0.1733
676.0000	  0.1729
675.5000	  0.1726
675.0000	  0.1726
674.5000	  0.1736
674.0000	  0.1727
673.5000	  0.1732
673.0000	  0.1730
672.5000	  0.1724
672.0000	  0.1733
671.5000	  0.1722
671.0000	  0.1731
670.5000	  0.1732
670.0000	  0.1731
669.5000	  0.1731
669.0000	  0.1727
668.5000	  0.1732
668.0000	  0.1731
667.5000	  0.1729
667.0000	  0.1731
666.5000	  0.1729
666.0000	  0.1723
665.5000	  0.1735
665.0000	  0.1727
664.5000	  0.1730
664.0000	  0.1728
663.5000	  0.1731
663.0000	  0.1726
662.5000	  0.1731
662.0000	  0.1730
661.5000	  0.1727
661.0000	  0.1730
660.5000	  0.1730
660.0000	  0.1729
659.5000	  0.1727
659.0000	  0.1724
658.5000	  0.1730
658.0000	  0.1730
657.5000	  0.1724
657.0000	  0.1736
656.5000	  0.1731
656.0000	  0.1727
655.5000	  0.1736
655.0000	  0.1728
654.5000	  0.1737
654.0000	  0.1735
653.5000	  0.1733
653.0000	  0.1732
652.5000	  0.1734
652.0000	  0.1730
651.5000	  0.1737
651.0000	  0.1735
650.5000	  0.1732
650.0000	  0.1735
649.5000	  0.1727
649.0000	  0.1737
648.5000	  0.1741
648.0000	  0.1736
647.5000	  0.1737
647.0000	  0.1743
646.5000	  0.1734
646.0000	  0.1739
645.5000	  0.1741
645.0000	  0.1736
644.5000	  0.1741
644.0000	  0.1739
643.5000	  0.1745
643.0000	  0.1743
642.5000	  0.1739
642.0000	  0.1740
641.5000	  0.1747
641.0000	  0.1745
640.5000	  0.1751
640.0000	  0.1749
639.5000	  0.1745
639.0000	  0.1752
638.5000	  0.1745
638.0000	  0.1755
637.5000	  0.1753
637.0000	  0.1747
636.5000	  0.1754
636.0000	  0.1752
635.5000	  0.1746
635.0000	  0.1757
634.5000	  0.1755
634.0000	  0.1755
633.5000	  0.1752
633.0000	  0.1746
632.5000	  0.1747
632.0000	  0.1746
631.5000	  0.1741
631.0000	  0.1740
630.5000	  0.1736
630.0000	  0.1724
629.5000	  0.1731
629.0000	  0.1722
628.5000	  0.1711
628.0000	  0.1710
627.5000	  0.1698
627.0000	  0.1693
626.5000	  0.1690
626.0000	  0.1681
625.5000	  0.1668
625.0000	  0.1666
624.5000	  0.1655
624.0000	  0.1657
623.5000	  0.1648
623.0000	  0.1637
622.5000	  0.1634
622.0000	  0.1630
621.5000	  0.1628
621.0000	  0.1625
620.5000	  0.1619
620.0000	  0.1612
619.5000	  0.1618
619.0000	  0.1608
618.5000	  0.1610
618.0000	  0.1618
617.5000	  0.1616
617.0000	  0.1618
616.5000	  0.1622
616.0000	  0.1616
615.5000	  0.1622
615.0000	  0.1616
614.5000	  0.1617
614.0000	  0.1621
613.5000	  0.1617
613.0000	  0.1621
612.5000	  0.1625
612.0000	  0.1612
611.5000	  0.1615
611.0000	  0.1612
610.5000	  0.1611
610.0000	  0.1614
609.5000	  0.1613
609.0000	  0.1609
608.5000	  0.1609
608.0000	  0.1608
607.5000	  0.1604
607.0000	  0.1608
606.5000	  0.1600
606.0000	  0.1604
605.5000	  0.1604
605.0000	  0.1593
604.5000	  0.1603
604.0000	  0.1597
603.5000	  0.1594
603.0000	  0.1598
602.5000	  0.1590
602.0000	  0.1591
601.5000	  0.1596
601.0000	  0.1588
600.5000	  0.1588
600.0000	  0.1591
599.5000	  0.1582
599.0000	  0.1587
598.5000	  0.1584
598.0000	  0.1583
597.5000	  0.1581
597.0000	  0.1575
596.5000	  0.1575
596.0000	  0.1576
595.5000	  0.1576
595.0000	  0.1569
594.5000	  0.1573
594.0000	  0.1561
593.5000	  0.1572
593.0000	  0.1568
592.5000	  0.1563
592.0000	  0.1561
591.5000	  0.1561
591.0000	  0.1555
590.5000	  0.1559
590.0000	  0.1556
589.5000	  0.1553
589.0000	  0.1552
588.5000	  0.1550
588.0000	  0.1551
587.5000	  0.1551
587.0000	  0.1547
586.5000	  0.1545
586.0000	  0.1541
585.5000	  0.1541
585.0000	  0.1540
584.5000	  0.1532
584.0000	  0.1532
583.5000	  0.1536
583.0000	  0.1528
582.5000	  0.1523
582.0000	  0.1528
581.5000	  0.1521
581.0000	  0.1522
580.5000	  0.1520
580.0000	  0.1513
579.5000	  0.1524
579.0000	  0.1513
578.5000	  0.1515
578.0000	  0.1517
577.5000	  0.1508
577.0000	  0.1507
576.5000	  0.1510
576.0000	  0.1505
575.5000	  0.1501
575.0000	  0.1500
574.5000	  0.1490
574.0000	  0.1501
573.5000	  0.1499
573.0000	  0.1489
572.5000	  0.1487
572.0000	  0.1482
571.5000	  0.1482
571.0000	  0.1485
570.5000	  0.1477
570.0000	  0.1478
569.5000	  0.1476
569.0000	  0.1469
568.5000	  0.1470
568.0000	  0.1464
567.5000	  0.1457
567.0000	  0.1460
566.5000	  0.1458
566.0000	  0.1447
565.5000	  0.1458
565.0000	  0.1449
564.5000	  0.1446
564.0000	  0.1446
563.5000	  0.1436
563.0000	  0.1446
562.5000	  0.1437
562.0000	  0.1431
561.5000	  0.1428
561.0000	  0.1430
560.5000	  0.1420
560.0000	  0.1432
559.5000	  0.1430
559.0000	  0.1425
558.5000	  0.1421
558.0000	  0.1429
557.5000	  0.1415
557.0000	  0.1418
556.5000	  0.1412
556.0000	  0.1403
555.5000	  0.1407
555.0000	  0.1400
554.5000	  0.1396
554.0000	  0.1397
553.5000	  0.1389
553.0000	  0.1394
552.5000	  0.1389
552.0000	  0.1381
551.5000	  0.1377
551.0000	  0.1373
550.5000	  0.1368
550.0000	  0.1370
549.5000	  0.1367
549.0000	  0.1361
548.5000	  0.1363
548.0000	  0.1350
547.5000	  0.1352
547.0000	  0.1350
546.5000	  0.1345
546.0000	  0.1345
545.5000	  0.1331
545.0000	  0.1326
544.5000	  0.1334
544.0000	  0.1324
543.5000	  0.1318
543.0000	  0.1319
542.5000	  0.1308
542.0000	  0.1311
541.5000	  0.1306
541.0000	  0.1306
540.5000	  0.1302
540.0000	  0.1297
539.5000	  0.1284
539.0000	  0.1291
538.5000	  0.1278
538.0000	  0.1277
537.5000	  0.1275
537.0000	  0.1266
536.5000	  0.1268
536.0000	  0.1264
535.5000	  0.1252
535.0000	  0.1256
534.5000	  0.1247
534.0000	  0.1244
533.5000	  0.1245
533.0000	  0.1237
532.5000	  0.1231
532.0000	  0.1233
531.5000	  0.1215
531.0000	  0.1221
530.5000	  0.1219
530.0000	  0.1209
529.5000	  0.1211
529.0000	  0.1202
528.5000	  0.1199
528.0000	  0.1197
527.5000	  0.1193
527.0000	  0.1184
526.5000	  0.1180
526.0000	  0.1168
525.5000	  0.1175
525.0000	  0.1170
524.5000	  0.1160
524.0000	  0.1162
523.5000	  0.1151
523.0000	  0.1152
522.5000	  0.1147
522.0000	  0.1141
521.5000	  0.1132
521.0000	  0.1135
520.5000	  0.1123
520.0000	  0.1129
519.5000	  0.1119
519.0000	  0.1113
518.5000	  0.1114
518.0000	  0.1102
517.5000	  0.1102
517.0000	  0.1098
516.5000	  0.1086
516.0000	  0.1088
515.5000	  0.1081
515.0000	  0.1073
514.5000	  0.1075
514.0000	  0.1068
513.5000	  0.1063
513.0000	  0.1063
512.5000	  0.1052
512.0000	  0.1045
511.5000	  0.1053
511.0000	  0.1044
510.5000	  0.1037
510.0000	  0.1031
509.5000	  0.1019
509.0000	  0.1026
508.5000	  0.1011
508.0000	  0.1007
507.5000	  0.1001
507.0000	  0.0990
506.5000	  0.0985
506.0000	  0.0984
505.5000	  0.0972
505.0000	  0.0963
504.5000	  0.0960
504.0000	  0.0946
503.5000	  0.0949
503.0000	  0.0930
502.5000	  0.0928
502.0000	  0.0924
501.5000	  0.0908
501.0000	  0.0912
500.5000	  0.0901
500.0000	  0.0897
499.5000	  0.0884
499.0000	  0.0882
498.5000	  0.0874
498.0000	  0.0875
497.5000	  0.0866
497.0000	  0.0862
496.5000	  0.0858
496.0000	  0.0854
495.5000	  0.0856
495.0000	  0.0850
494.5000	  0.0840
494.0000	  0.0839
493.5000	  0.0830
493.0000	  0.0825
492.5000	  0.0835
492.0000	  0.0828
491.5000	  0.0820
491.0000	  0.0825
490.5000	  0.0816
490.0000	  0.0821
489.5000	  0.0817
489.0000	  0.0814
488.5000	  0.0817
488.0000	  0.0815
487.5000	  0.0816
487.0000	  0.0819
486.5000	  0.0817
486.0000	  0.0811
485.5000	  0.0820
485.0000	  0.0811
484.5000	  0.0815
484.0000	  0.0811
483.5000	  0.0804
483.0000	  0.0812
482.5000	  0.0805
482.0000	  0.0804
481.5000	  0.0806
481.0000	  0.0805
480.5000	  0.0803
480.0000	  0.0800
479.5000	  0.0798
479.0000	  0.0809
478.5000	  0.0806
478.0000	  0.0794
477.5000	  0.0799
477.0000	  0.0793
476.5000	  0.0799
476.0000	  0.0794
475.5000	  0.0793
475.0000	  0.0793
474.5000	  0.0789
474.0000	  0.0787
473.5000	  0.0788
473.0000	  0.0780
472.5000	  0.0776
472.0000	  0.0778
471.5000	  0.0771
471.0000	  0.0778
470.5000	  0.0773
470.0000	  0.0764
469.5000	  0.0769
469.0000	  0.0760
468.5000	  0.0764
468.0000	  0.0759
467.5000	  0.0748
467.0000	  0.0745
466.5000	  0.0749
466.0000	  0.0736
465.5000	  0.0743
465.0000	  0.0734
464.5000	  0.0718
464.0000	  0.0728
463.5000	  0.0714
463.0000	  0.0717
462.5000	  0.0716
462.0000	  0.0708
461.5000	  0.0703
461.0000	  0.0698
460.5000	  0.0693
460.0000	  0.0696
459.5000	  0.0692
459.0000	  0.0681
458.5000	  0.0698
458.0000	  0.0691
457.5000	  0.0690
457.0000	  0.0695
456.5000	  0.0696
456.0000	  0.0703
455.5000	  0.0702
455.0000	  0.0706
454.5000	  0.0717
454.0000	  0.0715
453.5000	  0.0722
453.0000	  0.0736
452.5000	  0.0736
452.0000	  0.0749
451.5000	  0.0757
451.0000	  0.0766
450.5000	  0.0779
450.0000	  0.0777
449.5000	  0.0803
449.0000	  0.0804
448.5000	  0.0802
448.0000	  0.0826
447.5000	  0.0823
447.0000	  0.0833
446.5000	  0.0850
446.0000	  0.0845
445.5000	  0.0860
445.0000	  0.0865
444.5000	  0.0854
444.0000	  0.0874
443.5000	  0.0872
443.0000	  0.0883
442.5000	  0.0888
442.0000	  0.0880
441.5000	  0.0890
441.0000	  0.0892
440.5000	  0.0894
440.0000	  0.0903
439.5000	  0.0902
439.0000	  0.0898
438.5000	  0.0906
438.0000	  0.0904
437.5000	  0.0906
437.0000	  0.0914
436.5000	  0.0908
436.0000	  0.0919
435.5000	  0.0911
435.0000	  0.0917
434.5000	  0.0925
434.0000	  0.0912
433.5000	  0.0925
433.0000	  0.0922
432.5000	  0.0923
432.0000	  0.0922
431.5000	  0.0925
431.0000	  0.0919
430.5000	  0.0933
430.0000	  0.0921
429.5000	  0.0920
429.0000	  0.0927
428.5000	  0.0922
428.0000	  0.0932
427.5000	  0.0929
427.0000	  0.0921
426.5000	  0.0929
426.0000	  0.0930
425.5000	  0.0922
425.0000	  0.0923
424.5000	  0.0919
424.0000	  0.0920
423.5000	  0.0922
423.0000	  0.0915
422.5000	  0.0927
422.0000	  0.0920
421.5000	  0.0918
421.0000	  0.0920
420.5000	  0.0921
420.0000	  0.0919
419.5000	  0.0925
419.0000	  0.0915
418.5000	  0.0918
418.0000	  0.0916
417.5000	  0.0918
417.0000	  0.0929
416.5000	  0.0920
416.0000	  0.0917
415.5000	  0.0926
415.0000	  0.0911
414.5000	  0.0925
414.0000	  0.0925
413.5000	  0.0925
413.0000	  0.0926
412.5000	  0.0923
412.0000	  0.0917
411.5000	  0.0927
411.0000	  0.0919
410.5000	  0.0914
410.0000	  0.0923
409.5000	  0.0921
409.0000	  0.0925
408.5000	  0.0927
408.0000	  0.0927
407.5000	  0.0918
407.0000	  0.0916
406.5000	  0.0933
406.0000	  0.0909
405.5000	  0.0935
405.0000	  0.0926
404.5000	  0.0926
404.0000	  0.0914
403.5000	  0.0926
403.0000	  0.0917
402.5000	  0.0919
402.0000	  0.0929
401.5000	  0.0924
401.0000	  0.0938
400.5000	  0.0929
400.0000	  0.0921
399.5000	  0.0937
399.0000	  0.0919
398.5000	  0.0923
398.0000	  0.0922
397.5000	  0.0916
397.0000	  0.0918
396.5000	  0.0921
396.0000	  0.0920
395.5000	  0.0927
395.0000	  0.0919
394.5000	  0.0903
394.0000	  0.0915
393.5000	  0.0913
393.0000	  0.0923
392.5000	  0.0910
392.0000	  0.0913
391.5000	  0.0911
391.0000	  0.0913
390.5000	  0.0909
390.0000	  0.0902
389.5000	  0.0898
389.0000	  0.0898
388.5000	  0.0893
388.0000	  0.0885
387.5000	  0.0897
387.0000	  0.0887
386.5000	  0.0881
386.0000	  0.0886
385.5000	  0.0866
385.0000	  0.0884
384.5000	  0.0866
384.0000	  0.0854
383.5000	  0.0887
383.0000	  0.0878
382.5000	  0.0862
382.0000	  0.0872
381.5000	  0.0860
381.0000	  0.0851
380.5000	  0.0850
380.0000	  0.0856
379.5000	  0.0848
379.0000	  0.0854
378.5000	  0.0841
378.0000	  0.0856
377.5000	  0.0837
377.0000	  0.0841
376.5000	  0.0843
376.0000	  0.0837
375.5000	  0.0849
375.0000	  0.0842
374.5000	  0.0835
374.0000	  0.0842
373.5000	  0.0834
373.0000	  0.0830
372.5000	  0.0834
372.0000	  0.0820
371.5000	  0.0833
371.0000	  0.0834
370.5000	  0.0820
370.0000	  0.0833
369.5000	  0.0822
369.0000	  0.0836
368.5000	  0.0817
368.0000	  0.0806
367.5000	  0.0822
367.0000	  0.0823
366.5000	  0.0822
366.0000	  0.0820
365.5000	  0.0813
365.0000	  0.0811
364.5000	  0.0816
364.0000	  0.0786
363.5000	  0.0811
363.0000	  0.0798
362.5000	  0.0806
362.0000	  0.0798
361.5000	  0.0790
361.0000	  0.0804
360.5000	  0.0794
360.0000	  0.0794
359.5000	  0.0799
359.0000	  0.0798
358.5000	  0.0804
358.0000	  0.0794
357.5000	  0.0782
357.0000	  0.0785
356.5000	  0.0774
356.0000	  0.0800
355.5000	  0.0779
355.0000	  0.0793
354.5000	  0.0768
354.0000	  0.0762
353.5000	  0.0772
353.0000	  0.0777
352.5000	  0.0776
352.0000	  0.0781
351.5000	  0.0790
351.0000	  0.0761
350.5000	  0.0765
350.0000	  0.0777
