24/06/2026 16.50.45
24/06/2026 16.58.08

900.0000	 -0.1499

900.0000	 -0.1499

900.0000	 -0.1476



  1.0000
900.0000
  3.0000
340.0000
  1.0000
1101.0000
  5.0000
  6.0000
  2.0000
  1.0000
  0.0000
  0.0000
100.0000
  0.0000
  1.0000
  0.0000
500.0000
900.0000
350.0000
  4.0000
  1.0000
 18.0000
  2.0000
  1.0000
255.0000
  0.8447
  1.0000
 30.0000
  4.0000
500.0000
  0.0000
  0.0000
  4.0000
900.0000
350.0000
  0.0000
100.0000
  0.0000
  1.0000
  0.0000
500.0000
  1.0000
  1.0000
  1.0000
  1.0000
  4.0000
  0.0000
  1.0000
  1.0000
  1.0000
  1.0000
  1.0000
  2.0000
  1.0000
  1.0000
  1.0000
  3.0000
  1.0000
  1.0000
  1.0000
  4.0000
  5.0000
442.988
0.000
900.0000	 -0.1362
899.5000	 -0.1379
899.0000	 -0.1319
898.5000	 -0.1383
898.0000	 -0.1271
897.5000	 -0.1370
897.0000	 -0.1484
896.5000	 -0.1417
896.0000	 -0.1457
895.5000	 -0.1427
895.0000	 -0.1403
894.5000	 -0.1538
894.0000	 -0.1437
893.5000	 -0.1548
893.0000	 -0.1415
892.5000	 -0.1336
892.0000	 -0.1312
891.5000	 -0.1448
891.0000	 -0.1460
890.5000	 -0.1317
890.0000	 -0.1466
889.5000	 -0.1368
889.0000	 -0.1522
888.5000	 -0.1422
888.0000	 -0.1413
887.5000	 -0.1468
887.0000	 -0.1393
886.5000	 -0.1435
886.0000	 -0.1403
885.5000	 -0.1444
885.0000	 -0.1420
884.5000	 -0.1427
884.0000	 -0.1411
883.5000	 -0.1400
883.0000	 -0.1408
882.5000	 -0.1428
882.0000	 -0.1407
881.5000	 -0.1392
881.0000	 -0.1464
880.5000	 -0.1371
880.0000	 -0.1476
879.5000	 -0.1451
879.0000	 -0.1432
878.5000	 -0.1517
878.0000	 -0.1414
877.5000	 -0.1440
877.0000	 -0.1465
876.5000	 -0.1484
876.0000	 -0.1423
875.5000	 -0.1455
875.0000	 -0.1493
874.5000	 -0.1475
874.0000	 -0.1466
873.5000	 -0.1467
873.0000	 -0.1481
872.5000	 -0.1382
872.0000	 -0.1482
871.5000	 -0.1426
871.0000	 -0.1447
870.5000	 -0.1482
870.0000	 -0.1473
869.5000	 -0.1478
869.0000	 -0.1485
868.5000	 -0.1493
868.0000	 -0.1451
867.5000	 -0.1490
867.0000	 -0.1532
866.5000	 -0.1511
866.0000	 -0.1495
865.5000	 -0.1498
865.0000	 -0.1495
864.5000	 -0.1501
864.0000	 -0.1511
863.5000	 -0.1530
863.0000	 -0.1495
862.5000	 -0.1510
862.0000	 -0.1533
861.5000	 -0.1508
861.0000	 -0.1499
860.5000	 -0.1497
860.0000	 -0.1505
859.5000	 -0.1492
859.0000	 -0.1523
858.5000	 -0.1527
858.0000	 -0.1523
857.5000	 -0.1515
857.0000	 -0.1514
856.5000	 -0.1515
856.0000	 -0.1504
855.5000	 -0.1519
855.0000	 -0.1514
854.5000	 -0.1520
854.0000	 -0.1526
853.5000	 -0.1534
853.0000	 -0.1523
852.5000	 -0.1520
852.0000	 -0.1515
851.5000	 -0.1527
851.0000	 -0.1524
850.5000	 -0.1528
850.0000	 -0.1534
849.5000	 -0.1526
849.0000	 -0.1532
848.5000	 -0.1525
848.0000	 -0.1502
847.5000	 -0.1518
847.0000	 -0.1527
846.5000	 -0.1519
846.0000	 -0.1522
845.5000	 -0.1525
845.0000	 -0.1512
844.5000	 -0.1514
844.0000	 -0.1499
843.5000	 -0.1503
843.0000	 -0.1501
842.5000	 -0.1499
842.0000	 -0.1501
841.5000	 -0.1505
841.0000	 -0.1497
840.5000	 -0.1493
840.0000	 -0.1490
839.5000	 -0.1496
839.0000	 -0.1483
838.5000	 -0.1477
838.0000	 -0.1484
837.5000	 -0.1478
837.0000	 -0.1486
836.5000	 -0.1474
836.0000	 -0.1484
835.5000	 -0.1482
835.0000	 -0.1471
834.5000	 -0.1467
834.0000	 -0.1465
833.5000	 -0.1455
833.0000	 -0.1466
832.5000	 -0.1446
832.0000	 -0.1470
831.5000	 -0.1451
831.0000	 -0.1451
830.5000	 -0.1454
830.0000	 -0.1456
829.5000	 -0.1462
829.0000	 -0.1448
828.5000	 -0.1451
828.0000	 -0.1448
827.5000	 -0.1439
827.0000	 -0.1452
826.5000	 -0.1440
826.0000	 -0.1439
825.5000	 -0.1435
825.0000	 -0.1445
824.5000	 -0.1436
824.0000	 -0.1438
823.5000	 -0.1427
823.0000	 -0.1436
822.5000	 -0.1439
822.0000	 -0.1443
821.5000	 -0.1437
821.0000	 -0.1433
820.5000	 -0.1434
820.0000	 -0.1436
819.5000	 -0.1434
819.0000	 -0.1440
818.5000	 -0.1421
818.0000	 -0.1422
817.5000	 -0.1432
817.0000	 -0.1437
816.5000	 -0.1444
816.0000	 -0.1434
815.5000	 -0.1433
815.0000	 -0.1434
814.5000	 -0.1428
814.0000	 -0.1425
813.5000	 -0.1425
813.0000	 -0.1427
812.5000	 -0.1432
812.0000	 -0.1432
811.5000	 -0.1438
811.0000	 -0.1427
810.5000	 -0.1430
810.0000	 -0.1426
809.5000	 -0.1435
809.0000	 -0.1434
808.5000	 -0.1426
808.0000	 -0.1423
807.5000	 -0.1434
807.0000	 -0.1429
806.5000	 -0.1430
806.0000	 -0.1429
805.5000	 -0.1426
805.0000	 -0.1425
804.5000	 -0.1423
804.0000	 -0.1426
803.5000	 -0.1430
803.0000	 -0.1434
802.5000	 -0.1433
802.0000	 -0.1432
801.5000	 -0.1427
801.0000	 -0.1430
800.5000	 -0.1427
800.0000	 -0.1425
799.5000	 -0.1434
799.0000	 -0.1434
798.5000	 -0.1438
798.0000	 -0.1423
797.5000	 -0.1433
797.0000	 -0.1433
796.5000	 -0.1433
796.0000	 -0.1430
795.5000	 -0.1438
795.0000	 -0.1436
794.5000	 -0.1430
794.0000	 -0.1433
793.5000	 -0.1432
793.0000	 -0.1432
792.5000	 -0.1433
792.0000	 -0.1436
791.5000	 -0.1431
791.0000	 -0.1430
790.5000	 -0.1435
790.0000	 -0.1436
789.5000	 -0.1425
789.0000	 -0.1437
788.5000	 -0.1429
788.0000	 -0.1435
787.5000	 -0.1429
787.0000	 -0.1433
786.5000	 -0.1446
786.0000	 -0.1429
785.5000	 -0.1437
785.0000	 -0.1418
784.5000	 -0.1441
784.0000	 -0.1433
783.5000	 -0.1435
783.0000	 -0.1432
782.5000	 -0.1435
782.0000	 -0.1436
781.5000	 -0.1437
781.0000	 -0.1423
780.5000	 -0.1448
780.0000	 -0.1436
779.5000	 -0.1428
779.0000	 -0.1435
778.5000	 -0.1437
778.0000	 -0.1437
777.5000	 -0.1428
777.0000	 -0.1432
776.5000	 -0.1438
776.0000	 -0.1437
775.5000	 -0.1435
775.0000	 -0.1430
774.5000	 -0.1443
774.0000	 -0.1431
773.5000	 -0.1435
773.0000	 -0.1440
772.5000	 -0.1432
772.0000	 -0.1433
771.5000	 -0.1430
771.0000	 -0.1440
770.5000	 -0.1439
770.0000	 -0.1434
769.5000	 -0.1435
769.0000	 -0.1437
768.5000	 -0.1441
768.0000	 -0.1431
767.5000	 -0.1438
767.0000	 -0.1433
766.5000	 -0.1422
766.0000	 -0.1438
765.5000	 -0.1435
765.0000	 -0.1433
764.5000	 -0.1431
764.0000	 -0.1437
763.5000	 -0.1435
763.0000	 -0.1426
762.5000	 -0.1446
762.0000	 -0.1428
761.5000	 -0.1426
761.0000	 -0.1438
760.5000	 -0.1433
760.0000	 -0.1434
759.5000	 -0.1429
759.0000	 -0.1435
758.5000	 -0.1437
758.0000	 -0.1435
757.5000	 -0.1438
757.0000	 -0.1430
756.5000	 -0.1431
756.0000	 -0.1429
755.5000	 -0.1441
755.0000	 -0.1442
754.5000	 -0.1441
754.0000	 -0.1421
753.5000	 -0.1444
753.0000	 -0.1447
752.5000	 -0.1433
752.0000	 -0.1436
751.5000	 -0.1437
751.0000	 -0.1442
750.5000	 -0.1437
750.0000	 -0.1437
749.5000	 -0.1447
749.0000	 -0.1440
748.5000	 -0.1443
748.0000	 -0.1446
747.5000	 -0.1441
747.0000	 -0.1450
746.5000	 -0.1440
746.0000	 -0.1445
745.5000	 -0.1444
745.0000	 -0.1444
744.5000	 -0.1453
744.0000	 -0.1441
743.5000	 -0.1442
743.0000	 -0.1444
742.5000	 -0.1441
742.0000	 -0.1452
741.5000	 -0.1448
741.0000	 -0.1446
740.5000	 -0.1452
740.0000	 -0.1451
739.5000	 -0.1455
739.0000	 -0.1449
738.5000	 -0.1456
738.0000	 -0.1455
737.5000	 -0.1461
737.0000	 -0.1460
736.5000	 -0.1460
736.0000	 -0.1464
735.5000	 -0.1468
735.0000	 -0.1466
734.5000	 -0.1472
734.0000	 -0.1478
733.5000	 -0.1480
733.0000	 -0.1471
732.5000	 -0.1483
732.0000	 -0.1488
731.5000	 -0.1490
731.0000	 -0.1490
730.5000	 -0.1492
730.0000	 -0.1498
729.5000	 -0.1506
729.0000	 -0.1517
728.5000	 -0.1509
728.0000	 -0.1518
727.5000	 -0.1529
727.0000	 -0.1533
726.5000	 -0.1551
726.0000	 -0.1542
725.5000	 -0.1554
725.0000	 -0.1559
724.5000	 -0.1573
724.0000	 -0.1596
723.5000	 -0.1600
723.0000	 -0.1611
722.5000	 -0.1621
722.0000	 -0.1640
721.5000	 -0.1645
721.0000	 -0.1653
720.5000	 -0.1664
720.0000	 -0.1683
719.5000	 -0.1687
719.0000	 -0.1691
718.5000	 -0.1708
718.0000	 -0.1698
717.5000	 -0.1703
717.0000	 -0.1703
716.5000	 -0.1700
716.0000	 -0.1682
715.5000	 -0.1674
715.0000	 -0.1664
714.5000	 -0.1633
714.0000	 -0.1621
713.5000	 -0.1600
713.0000	 -0.1581
712.5000	 -0.1570
712.0000	 -0.1563
711.5000	 -0.1535
711.0000	 -0.1527
710.5000	 -0.1514
710.0000	 -0.1506
709.5000	 -0.1497
709.0000	 -0.1480
708.5000	 -0.1478
708.0000	 -0.1466
707.5000	 -0.1466
707.0000	 -0.1468
706.5000	 -0.1459
706.0000	 -0.1458
705.5000	 -0.1460
705.0000	 -0.1450
704.5000	 -0.1458
704.0000	 -0.1459
703.5000	 -0.1458
703.0000	 -0.1463
702.5000	 -0.1457
702.0000	 -0.1463
701.5000	 -0.1462
701.0000	 -0.1462
700.5000	 -0.1459
700.0000	 -0.1457
699.5000	 -0.1450
699.0000	 -0.1462
698.5000	 -0.1454
698.0000	 -0.1459
697.5000	 -0.1448
697.0000	 -0.1453
696.5000	 -0.1451
696.0000	 -0.1451
695.5000	 -0.1452
695.0000	 -0.1453
694.5000	 -0.1449
694.0000	 -0.1450
693.5000	 -0.1456
693.0000	 -0.1448
692.5000	 -0.1445
692.0000	 -0.1443
691.5000	 -0.1451
691.0000	 -0.1444
690.5000	 -0.1446
690.0000	 -0.1444
689.5000	 -0.1444
689.0000	 -0.1448
688.5000	 -0.1445
688.0000	 -0.1444
687.5000	 -0.1445
687.0000	 -0.1446
686.5000	 -0.1446
686.0000	 -0.1446
685.5000	 -0.1439
685.0000	 -0.1441
684.5000	 -0.1441
684.0000	 -0.1444
683.5000	 -0.1446
683.0000	 -0.1437
682.5000	 -0.1450
682.0000	 -0.1439
681.5000	 -0.1435
681.0000	 -0.1442
680.5000	 -0.1438
680.0000	 -0.1441
679.5000	 -0.1438
679.0000	 -0.1441
678.5000	 -0.1443
678.0000	 -0.1430
677.5000	 -0.1442
677.0000	 -0.1434
676.5000	 -0.1433
676.0000	 -0.1435
675.5000	 -0.1435
675.0000	 -0.1439
674.5000	 -0.1430
674.0000	 -0.1440
673.5000	 -0.1435
673.0000	 -0.1430
672.5000	 -0.1432
672.0000	 -0.1427
671.5000	 -0.1429
671.0000	 -0.1436
670.5000	 -0.1427
670.0000	 -0.1431
669.5000	 -0.1430
669.0000	 -0.1429
668.5000	 -0.1430
668.0000	 -0.1427
667.5000	 -0.1429
667.0000	 -0.1424
666.5000	 -0.1428
666.0000	 -0.1426
665.5000	 -0.1425
665.0000	 -0.1433
664.5000	 -0.1423
664.0000	 -0.1423
663.5000	 -0.1431
663.0000	 -0.1428
662.5000	 -0.1425
662.0000	 -0.1429
661.5000	 -0.1424
661.0000	 -0.1426
660.5000	 -0.1421
660.0000	 -0.1425
659.5000	 -0.1425
659.0000	 -0.1417
658.5000	 -0.1419
658.0000	 -0.1417
657.5000	 -0.1420
657.0000	 -0.1423
656.5000	 -0.1416
656.0000	 -0.1414
655.5000	 -0.1416
655.0000	 -0.1421
654.5000	 -0.1416
654.0000	 -0.1415
653.5000	 -0.1415
653.0000	 -0.1414
652.5000	 -0.1416
652.0000	 -0.1411
651.5000	 -0.1409
651.0000	 -0.1406
650.5000	 -0.1404
650.0000	 -0.1411
649.5000	 -0.1410
649.0000	 -0.1408
648.5000	 -0.1404
648.0000	 -0.1403
647.5000	 -0.1406
647.0000	 -0.1404
646.5000	 -0.1396
646.0000	 -0.1398
645.5000	 -0.1400
645.0000	 -0.1393
644.5000	 -0.1398
644.0000	 -0.1390
643.5000	 -0.1396
643.0000	 -0.1389
642.5000	 -0.1391
642.0000	 -0.1387
641.5000	 -0.1379
641.0000	 -0.1381
640.5000	 -0.1377
640.0000	 -0.1375
639.5000	 -0.1379
639.0000	 -0.1368
638.5000	 -0.1375
638.0000	 -0.1370
637.5000	 -0.1366
637.0000	 -0.1367
636.5000	 -0.1358
636.0000	 -0.1362
635.5000	 -0.1355
635.0000	 -0.1353
634.5000	 -0.1353
634.0000	 -0.1344
633.5000	 -0.1351
633.0000	 -0.1344
632.5000	 -0.1343
632.0000	 -0.1349
631.5000	 -0.1343
631.0000	 -0.1349
630.5000	 -0.1353
630.0000	 -0.1354
629.5000	 -0.1361
629.0000	 -0.1364
628.5000	 -0.1367
628.0000	 -0.1374
627.5000	 -0.1384
627.0000	 -0.1396
626.5000	 -0.1397
626.0000	 -0.1408
625.5000	 -0.1424
625.0000	 -0.1425
624.5000	 -0.1436
624.0000	 -0.1444
623.5000	 -0.1451
623.0000	 -0.1466
622.5000	 -0.1466
622.0000	 -0.1479
621.5000	 -0.1480
621.0000	 -0.1489
620.5000	 -0.1495
620.0000	 -0.1495
619.5000	 -0.1505
619.0000	 -0.1504
618.5000	 -0.1509
618.0000	 -0.1507
617.5000	 -0.1503
617.0000	 -0.1506
616.5000	 -0.1494
616.0000	 -0.1492
615.5000	 -0.1498
615.0000	 -0.1490
614.5000	 -0.1500
614.0000	 -0.1487
613.5000	 -0.1493
613.0000	 -0.1499
612.5000	 -0.1492
612.0000	 -0.1495
611.5000	 -0.1486
611.0000	 -0.1494
610.5000	 -0.1493
610.0000	 -0.1492
609.5000	 -0.1494
609.0000	 -0.1488
608.5000	 -0.1492
608.0000	 -0.1496
607.5000	 -0.1492
607.0000	 -0.1496
606.5000	 -0.1490
606.0000	 -0.1494
605.5000	 -0.1491
605.0000	 -0.1494
604.5000	 -0.1498
604.0000	 -0.1487
603.5000	 -0.1494
603.0000	 -0.1499
602.5000	 -0.1498
602.0000	 -0.1492
601.5000	 -0.1496
601.0000	 -0.1496
600.5000	 -0.1498
600.0000	 -0.1499
599.5000	 -0.1499
599.0000	 -0.1497
598.5000	 -0.1504
598.0000	 -0.1499
597.5000	 -0.1505
597.0000	 -0.1496
596.5000	 -0.1501
596.0000	 -0.1504
595.5000	 -0.1492
595.0000	 -0.1506
594.5000	 -0.1497
594.0000	 -0.1506
593.5000	 -0.1506
593.0000	 -0.1501
592.5000	 -0.1501
592.0000	 -0.1501
591.5000	 -0.1504
591.0000	 -0.1501
590.5000	 -0.1503
590.0000	 -0.1511
589.5000	 -0.1498
589.0000	 -0.1505
588.5000	 -0.1502
588.0000	 -0.1509
587.5000	 -0.1508
587.0000	 -0.1506
586.5000	 -0.1510
586.0000	 -0.1509
585.5000	 -0.1508
585.0000	 -0.1504
584.5000	 -0.1508
584.0000	 -0.1507
583.5000	 -0.1504
583.0000	 -0.1510
582.5000	 -0.1506
582.0000	 -0.1505
581.5000	 -0.1508
581.0000	 -0.1509
580.5000	 -0.1515
580.0000	 -0.1503
579.5000	 -0.1506
579.0000	 -0.1511
578.5000	 -0.1506
578.0000	 -0.1512
577.5000	 -0.1506
577.0000	 -0.1512
576.5000	 -0.1510
576.0000	 -0.1515
575.5000	 -0.1515
575.0000	 -0.1506
574.5000	 -0.1511
574.0000	 -0.1514
573.5000	 -0.1515
573.0000	 -0.1513
572.5000	 -0.1511
572.0000	 -0.1515
571.5000	 -0.1513
571.0000	 -0.1514
570.5000	 -0.1512
570.0000	 -0.1513
569.5000	 -0.1511
569.0000	 -0.1511
568.5000	 -0.1519
568.0000	 -0.1509
567.5000	 -0.1508
567.0000	 -0.1513
566.5000	 -0.1507
566.0000	 -0.1515
565.5000	 -0.1510
565.0000	 -0.1509
564.5000	 -0.1521
564.0000	 -0.1510
563.5000	 -0.1515
563.0000	 -0.1512
562.5000	 -0.1513
562.0000	 -0.1517
561.5000	 -0.1509
561.0000	 -0.1518
560.5000	 -0.1515
560.0000	 -0.1520
559.5000	 -0.1518
559.0000	 -0.1515
558.5000	 -0.1524
558.0000	 -0.1517
557.5000	 -0.1524
557.0000	 -0.1517
556.5000	 -0.1518
556.0000	 -0.1522
555.5000	 -0.1517
555.0000	 -0.1527
554.5000	 -0.1519
554.0000	 -0.1520
553.5000	 -0.1521
553.0000	 -0.1514
552.5000	 -0.1519
552.0000	 -0.1514
551.5000	 -0.1518
551.0000	 -0.1519
550.5000	 -0.1513
550.0000	 -0.1527
549.5000	 -0.1514
549.0000	 -0.1515
548.5000	 -0.1518
548.0000	 -0.1513
547.5000	 -0.1518
547.0000	 -0.1509
546.5000	 -0.1511
546.0000	 -0.1515
545.5000	 -0.1509
545.0000	 -0.1515
544.5000	 -0.1509
544.0000	 -0.1514
543.5000	 -0.1510
543.0000	 -0.1509
542.5000	 -0.1508
542.0000	 -0.1505
541.5000	 -0.1511
541.0000	 -0.1504
540.5000	 -0.1507
540.0000	 -0.1504
539.5000	 -0.1505
539.0000	 -0.1509
538.5000	 -0.1505
538.0000	 -0.1511
537.5000	 -0.1500
537.0000	 -0.1503
536.5000	 -0.1504
536.0000	 -0.1492
535.5000	 -0.1503
535.0000	 -0.1492
534.5000	 -0.1500
534.0000	 -0.1498
533.5000	 -0.1498
533.0000	 -0.1502
532.5000	 -0.1496
532.0000	 -0.1495
531.5000	 -0.1493
531.0000	 -0.1488
530.5000	 -0.1494
530.0000	 -0.1487
529.5000	 -0.1487
529.0000	 -0.1487
528.5000	 -0.1487
528.0000	 -0.1487
527.5000	 -0.1481
527.0000	 -0.1483
526.5000	 -0.1477
526.0000	 -0.1482
525.5000	 -0.1475
525.0000	 -0.1478
524.5000	 -0.1475
524.0000	 -0.1470
523.5000	 -0.1473
523.0000	 -0.1470
522.5000	 -0.1465
522.0000	 -0.1470
521.5000	 -0.1461
521.0000	 -0.1464
520.5000	 -0.1458
520.0000	 -0.1458
519.5000	 -0.1461
519.0000	 -0.1456
518.5000	 -0.1460
518.0000	 -0.1450
517.5000	 -0.1448
517.0000	 -0.1448
516.5000	 -0.1443
516.0000	 -0.1447
515.5000	 -0.1435
515.0000	 -0.1437
514.5000	 -0.1437
514.0000	 -0.1431
513.5000	 -0.1440
513.0000	 -0.1429
512.5000	 -0.1433
512.0000	 -0.1432
511.5000	 -0.1428
511.0000	 -0.1432
510.5000	 -0.1421
510.0000	 -0.1423
509.5000	 -0.1426
509.0000	 -0.1417
508.5000	 -0.1433
508.0000	 -0.1420
507.5000	 -0.1426
507.0000	 -0.1429
506.5000	 -0.1427
506.0000	 -0.1441
505.5000	 -0.1432
505.0000	 -0.1445
504.5000	 -0.1441
504.0000	 -0.1450
503.5000	 -0.1456
503.0000	 -0.1460
502.5000	 -0.1467
502.0000	 -0.1466
501.5000	 -0.1476
501.0000	 -0.1477
500.5000	 -0.1473
500.0000	 -0.1487
499.5000	 -0.1492
499.0000	 -0.1502
498.5000	 -0.1503
498.0000	 -0.1501
497.5000	 -0.1510
497.0000	 -0.1512
496.5000	 -0.1520
496.0000	 -0.1521
495.5000	 -0.1523
495.0000	 -0.1527
494.5000	 -0.1528
494.0000	 -0.1537
493.5000	 -0.1538
493.0000	 -0.1540
492.5000	 -0.1545
492.0000	 -0.1539
491.5000	 -0.1548
491.0000	 -0.1550
490.5000	 -0.1550
490.0000	 -0.1556
489.5000	 -0.1548
489.0000	 -0.1563
488.5000	 -0.1557
488.0000	 -0.1562
487.5000	 -0.1566
487.0000	 -0.1562
486.5000	 -0.1572
486.0000	 -0.1570
485.5000	 -0.1571
485.0000	 -0.1581
484.5000	 -0.1579
484.0000	 -0.1589
483.5000	 -0.1579
483.0000	 -0.1584
482.5000	 -0.1596
482.0000	 -0.1589
481.5000	 -0.1602
481.0000	 -0.1603
480.5000	 -0.1610
480.0000	 -0.1615
479.5000	 -0.1609
479.0000	 -0.1625
478.5000	 -0.1627
478.0000	 -0.1627
477.5000	 -0.1636
477.0000	 -0.1639
476.5000	 -0.1649
476.0000	 -0.1648
475.5000	 -0.1660
475.0000	 -0.1664
474.5000	 -0.1668
474.0000	 -0.1684
473.5000	 -0.1675
473.0000	 -0.1689
472.5000	 -0.1694
472.0000	 -0.1697
471.5000	 -0.1715
471.0000	 -0.1715
470.5000	 -0.1726
470.0000	 -0.1726
469.5000	 -0.1737
469.0000	 -0.1748
468.5000	 -0.1750
468.0000	 -0.1768
467.5000	 -0.1768
467.0000	 -0.1778
466.5000	 -0.1794
466.0000	 -0.1793
465.5000	 -0.1800
465.0000	 -0.1811
464.5000	 -0.1816
464.0000	 -0.1829
463.5000	 -0.1825
463.0000	 -0.1841
462.5000	 -0.1851
462.0000	 -0.1846
461.5000	 -0.1871
461.0000	 -0.1875
460.5000	 -0.1879
460.0000	 -0.1885
459.5000	 -0.1884
459.0000	 -0.1897
458.5000	 -0.1895
458.0000	 -0.1895
457.5000	 -0.1911
457.0000	 -0.1912
456.5000	 -0.1914
456.0000	 -0.1894
455.5000	 -0.1914
455.0000	 -0.1903
454.5000	 -0.1896
454.0000	 -0.1907
453.5000	 -0.1889
453.0000	 -0.1884
452.5000	 -0.1889
452.0000	 -0.1883
451.5000	 -0.1886
451.0000	 -0.1864
450.5000	 -0.1868
450.0000	 -0.1862
449.5000	 -0.1858
449.0000	 -0.1854
448.5000	 -0.1844
448.0000	 -0.1838
447.5000	 -0.1839
447.0000	 -0.1836
446.5000	 -0.1837
446.0000	 -0.1826
445.5000	 -0.1822
445.0000	 -0.1832
444.5000	 -0.1818
444.0000	 -0.1829
443.5000	 -0.1815
443.0000	 -0.1823
442.5000	 -0.1820
442.0000	 -0.1817
441.5000	 -0.1820
441.0000	 -0.1822
440.5000	 -0.1821
440.0000	 -0.1824
439.5000	 -0.1820
439.0000	 -0.1826
438.5000	 -0.1824
438.0000	 -0.1824
437.5000	 -0.1824
437.0000	 -0.1822
436.5000	 -0.1833
436.0000	 -0.1823
435.5000	 -0.1841
435.0000	 -0.1837
434.5000	 -0.1829
434.0000	 -0.1839
433.5000	 -0.1841
433.0000	 -0.1840
432.5000	 -0.1846
432.0000	 -0.1840
431.5000	 -0.1857
431.0000	 -0.1851
430.5000	 -0.1858
430.0000	 -0.1855
429.5000	 -0.1852
429.0000	 -0.1872
428.5000	 -0.1861
428.0000	 -0.1870
427.5000	 -0.1873
427.0000	 -0.1872
426.5000	 -0.1887
426.0000	 -0.1882
425.5000	 -0.1883
425.0000	 -0.1894
424.5000	 -0.1887
424.0000	 -0.1899
423.5000	 -0.1894
423.0000	 -0.1901
422.5000	 -0.1909
422.0000	 -0.1918
421.5000	 -0.1928
421.0000	 -0.1917
420.5000	 -0.1927
420.0000	 -0.1930
419.5000	 -0.1929
419.0000	 -0.1942
418.5000	 -0.1933
418.0000	 -0.1933
417.5000	 -0.1949
417.0000	 -0.1941
416.5000	 -0.1950
416.0000	 -0.1955
415.5000	 -0.1961
415.0000	 -0.1974
414.5000	 -0.1966
414.0000	 -0.1970
413.5000	 -0.1971
413.0000	 -0.1973
412.5000	 -0.1983
412.0000	 -0.1987
411.5000	 -0.1985
411.0000	 -0.1989
410.5000	 -0.1994
410.0000	 -0.1985
409.5000	 -0.1996
409.0000	 -0.1999
408.5000	 -0.2003
408.0000	 -0.2012
407.5000	 -0.2015
407.0000	 -0.2007
406.5000	 -0.2020
406.0000	 -0.2010
405.5000	 -0.2027
405.0000	 -0.2028
404.5000	 -0.2025
404.0000	 -0.2034
403.5000	 -0.2028
403.0000	 -0.2043
402.5000	 -0.2045
402.0000	 -0.2043
401.5000	 -0.2048
401.0000	 -0.2043
400.5000	 -0.2054
400.0000	 -0.2048
399.5000	 -0.2062
399.0000	 -0.2047
398.5000	 -0.2053
398.0000	 -0.2072
397.5000	 -0.2069
397.0000	 -0.2065
396.5000	 -0.2068
396.0000	 -0.2075
395.5000	 -0.2087
395.0000	 -0.2074
394.5000	 -0.2087
394.0000	 -0.2083
393.5000	 -0.2090
393.0000	 -0.2108
392.5000	 -0.2093
392.0000	 -0.2105
391.5000	 -0.2110
391.0000	 -0.2113
390.5000	 -0.2116
390.0000	 -0.2133
389.5000	 -0.2144
389.0000	 -0.2139
388.5000	 -0.2143
388.0000	 -0.2149
387.5000	 -0.2155
387.0000	 -0.2167
386.5000	 -0.2167
386.0000	 -0.2167
385.5000	 -0.2178
385.0000	 -0.2192
384.5000	 -0.2196
384.0000	 -0.2195
383.5000	 -0.2199
383.0000	 -0.2214
382.5000	 -0.2219
382.0000	 -0.2212
381.5000	 -0.2224
381.0000	 -0.2229
380.5000	 -0.2246
380.0000	 -0.2227
379.5000	 -0.2243
379.0000	 -0.2244
378.5000	 -0.2247
378.0000	 -0.2252
377.5000	 -0.2259
377.0000	 -0.2272
376.5000	 -0.2273
376.0000	 -0.2267
375.5000	 -0.2291
375.0000	 -0.2278
374.5000	 -0.2293
374.0000	 -0.2281
373.5000	 -0.2287
373.0000	 -0.2307
372.5000	 -0.2292
372.0000	 -0.2304
371.5000	 -0.2290
371.0000	 -0.2306
370.5000	 -0.2313
370.0000	 -0.2317
369.5000	 -0.2318
369.0000	 -0.2315
368.5000	 -0.2340
368.0000	 -0.2338
367.5000	 -0.2325
367.0000	 -0.2328
366.5000	 -0.2325
366.0000	 -0.2336
365.5000	 -0.2342
365.0000	 -0.2347
364.5000	 -0.2344
364.0000	 -0.2355
363.5000	 -0.2351
363.0000	 -0.2362
362.5000	 -0.2366
362.0000	 -0.2383
361.5000	 -0.2387
361.0000	 -0.2382
360.5000	 -0.2391
360.0000	 -0.2391
359.5000	 -0.2392
359.0000	 -0.2396
358.5000	 -0.2388
358.0000	 -0.2410
357.5000	 -0.2404
357.0000	 -0.2421
356.5000	 -0.2415
356.0000	 -0.2416
355.5000	 -0.2426
355.0000	 -0.2438
354.5000	 -0.2441
354.0000	 -0.2452
353.5000	 -0.2463
353.0000	 -0.2474
352.5000	 -0.2449
352.0000	 -0.2485
351.5000	 -0.2471
351.0000	 -0.2448
350.5000	 -0.2483
350.0000	 -0.2475
