900.0000	 -0.0115
899.5000	 -0.0138
899.0000	 -0.0171
898.5000	 -0.0161
898.0000	 -0.0059
897.5000	 -0.0227
897.0000	 -0.0218
896.5000	 -0.0122
896.0000	 -0.0120
895.5000	 -0.0242
895.0000	 -0.0049
894.5000	 -0.0179
894.0000	 -0.0074
893.5000	 -0.0120
893.0000	 -0.0177
892.5000	 -0.0064
892.0000	 -0.0124
891.5000	 -0.0174
891.0000	 -0.0121
890.5000	 -0.0051
890.0000	 -0.0165
889.5000	 -0.0109
889.0000	 -0.0075
888.5000	 -0.0217
888.0000	 -0.0112
887.5000	 -0.0243
887.0000	 -0.0120
886.5000	 -0.0192
886.0000	 -0.0082
885.5000	 -0.0184
885.0000	 -0.0220
884.5000	 -0.0073
884.0000	 -0.0197
883.5000	 -0.0124
883.0000	 -0.0102
882.5000	 -0.0105
882.0000	 -0.0135
881.5000	 -0.0197
881.0000	 -0.0181
880.5000	 -0.0109
880.0000	 -0.0198
879.5000	 -0.0115
879.0000	 -0.0134
878.5000	 -0.0040
878.0000	 -0.0167
877.5000	 -0.0229
877.0000	 -0.0142
876.5000	 -0.0126
876.0000	 -0.0179
875.5000	 -0.0171
875.0000	 -0.0105
874.5000	 -0.0111
874.0000	 -0.0131
873.5000	 -0.0118
873.0000	 -0.0199
872.5000	 -0.0129
872.0000	 -0.0124
871.5000	 -0.0135
871.0000	 -0.0158
870.5000	 -0.0175
870.0000	 -0.0171
869.5000	 -0.0146
869.0000	 -0.0194
868.5000	 -0.0169
868.0000	 -0.0138
867.5000	 -0.0127
867.0000	 -0.0154
866.5000	 -0.0185
866.0000	 -0.0160
865.5000	 -0.0183
865.0000	 -0.0137
864.5000	 -0.0150
864.0000	 -0.0189
863.5000	 -0.0178
863.0000	 -0.0170
862.5000	 -0.0187
862.0000	 -0.0179
861.5000	 -0.0213
861.0000	 -0.0176
860.5000	 -0.0218
860.0000	 -0.0190
859.5000	 -0.0199
859.0000	 -0.0192
858.5000	 -0.0184
858.0000	 -0.0193
857.5000	 -0.0181
857.0000	 -0.0181
856.5000	 -0.0192
856.0000	 -0.0218
855.5000	 -0.0226
855.0000	 -0.0205
854.5000	 -0.0188
854.0000	 -0.0204
853.5000	 -0.0210
853.0000	 -0.0210
852.5000	 -0.0211
852.0000	 -0.0223
851.5000	 -0.0214
851.0000	 -0.0206
850.5000	 -0.0214
850.0000	 -0.0201
849.5000	 -0.0210
849.0000	 -0.0213
848.5000	 -0.0214
848.0000	 -0.0204
847.5000	 -0.0208
847.0000	 -0.0225
846.5000	 -0.0225
846.0000	 -0.0215
845.5000	 -0.0219
845.0000	 -0.0207
844.5000	 -0.0229
844.0000	 -0.0226
843.5000	 -0.0207
843.0000	 -0.0219
842.5000	 -0.0223
842.0000	 -0.0217
841.5000	 -0.0215
841.0000	 -0.0218
840.5000	 -0.0210
840.0000	 -0.0217
839.5000	 -0.0211
839.0000	 -0.0199
838.5000	 -0.0213
838.0000	 -0.0216
837.5000	 -0.0203
837.0000	 -0.0201
836.5000	 -0.0207
836.0000	 -0.0211
835.5000	 -0.0196
835.0000	 -0.0201
834.5000	 -0.0211
834.0000	 -0.0210
833.5000	 -0.0186
833.0000	 -0.0196
832.5000	 -0.0208
832.0000	 -0.0199
831.5000	 -0.0198
831.0000	 -0.0194
830.5000	 -0.0190
830.0000	 -0.0202
829.5000	 -0.0191
829.0000	 -0.0187
828.5000	 -0.0184
828.0000	 -0.0198
827.5000	 -0.0192
827.0000	 -0.0183
826.5000	 -0.0192
826.0000	 -0.0191
825.5000	 -0.0182
825.0000	 -0.0192
824.5000	 -0.0196
824.0000	 -0.0190
823.5000	 -0.0186
823.0000	 -0.0185
822.5000	 -0.0184
822.0000	 -0.0188
821.5000	 -0.0177
821.0000	 -0.0189
820.5000	 -0.0182
820.0000	 -0.0186
819.5000	 -0.0180
819.0000	 -0.0178
818.5000	 -0.0175
818.0000	 -0.0183
817.5000	 -0.0181
817.0000	 -0.0190
816.5000	 -0.0182
816.0000	 -0.0181
815.5000	 -0.0191
815.0000	 -0.0184
814.5000	 -0.0180
814.0000	 -0.0186
813.5000	 -0.0183
813.0000	 -0.0177
812.5000	 -0.0191
812.0000	 -0.0180
811.5000	 -0.0182
811.0000	 -0.0185
810.5000	 -0.0187
810.0000	 -0.0187
809.5000	 -0.0192
809.0000	 -0.0184
808.5000	 -0.0189
808.0000	 -0.0188
807.5000	 -0.0181
807.0000	 -0.0185
806.5000	 -0.0191
806.0000	 -0.0194
805.5000	 -0.0193
805.0000	 -0.0188
804.5000	 -0.0200
804.0000	 -0.0186
803.5000	 -0.0192
803.0000	 -0.0191
802.5000	 -0.0190
802.0000	 -0.0198
801.5000	 -0.0200
801.0000	 -0.0190
800.5000	 -0.0193
800.0000	 -0.0196
799.5000	 -0.0201
799.0000	 -0.0198
798.5000	 -0.0195
798.0000	 -0.0200
797.5000	 -0.0200
797.0000	 -0.0194
796.5000	 -0.0205
796.0000	 -0.0192
795.5000	 -0.0197
795.0000	 -0.0200
794.5000	 -0.0193
794.0000	 -0.0204
793.5000	 -0.0208
793.0000	 -0.0190
792.5000	 -0.0207
792.0000	 -0.0206
791.5000	 -0.0211
791.0000	 -0.0206
790.5000	 -0.0196
790.0000	 -0.0206
789.5000	 -0.0206
789.0000	 -0.0203
788.5000	 -0.0202
788.0000	 -0.0207
787.5000	 -0.0196
787.0000	 -0.0209
786.5000	 -0.0207
786.0000	 -0.0208
785.5000	 -0.0207
785.0000	 -0.0206
784.5000	 -0.0207
784.0000	 -0.0210
783.5000	 -0.0210
783.0000	 -0.0214
782.5000	 -0.0210
782.0000	 -0.0208
781.5000	 -0.0205
781.0000	 -0.0209
780.5000	 -0.0215
780.0000	 -0.0215
779.5000	 -0.0205
779.0000	 -0.0210
778.5000	 -0.0209
778.0000	 -0.0216
777.5000	 -0.0217
777.0000	 -0.0205
776.5000	 -0.0214
776.0000	 -0.0207
775.5000	 -0.0211
775.0000	 -0.0222
774.5000	 -0.0209
774.0000	 -0.0214
773.5000	 -0.0213
773.0000	 -0.0220
772.5000	 -0.0213
772.0000	 -0.0222
771.5000	 -0.0216
771.0000	 -0.0218
770.5000	 -0.0214
770.0000	 -0.0225
769.5000	 -0.0224
769.0000	 -0.0219
768.5000	 -0.0218
768.0000	 -0.0220
767.5000	 -0.0220
767.0000	 -0.0217
766.5000	 -0.0233
766.0000	 -0.0210
765.5000	 -0.0229
765.0000	 -0.0223
764.5000	 -0.0219
764.0000	 -0.0227
763.5000	 -0.0218
763.0000	 -0.0227
762.5000	 -0.0224
762.0000	 -0.0219
761.5000	 -0.0224
761.0000	 -0.0232
760.5000	 -0.0225
760.0000	 -0.0223
759.5000	 -0.0216
759.0000	 -0.0224
758.5000	 -0.0234
758.0000	 -0.0223
757.5000	 -0.0221
757.0000	 -0.0228
756.5000	 -0.0233
756.0000	 -0.0225
755.5000	 -0.0230
755.0000	 -0.0229
754.5000	 -0.0232
754.0000	 -0.0234
753.5000	 -0.0234
753.0000	 -0.0234
752.5000	 -0.0218
752.0000	 -0.0226
751.5000	 -0.0231
751.0000	 -0.0231
750.5000	 -0.0235
750.0000	 -0.0234
749.5000	 -0.0234
749.0000	 -0.0244
748.5000	 -0.0237
748.0000	 -0.0243
747.5000	 -0.0234
747.0000	 -0.0234
746.5000	 -0.0238
746.0000	 -0.0251
745.5000	 -0.0247
745.0000	 -0.0245
744.5000	 -0.0234
744.0000	 -0.0234
743.5000	 -0.0246
743.0000	 -0.0241
742.5000	 -0.0252
742.0000	 -0.0244
741.5000	 -0.0240
741.0000	 -0.0249
740.5000	 -0.0253
740.0000	 -0.0251
739.5000	 -0.0253
739.0000	 -0.0248
738.5000	 -0.0253
738.0000	 -0.0253
737.5000	 -0.0250
737.0000	 -0.0253
736.5000	 -0.0263
736.0000	 -0.0261
735.5000	 -0.0267
735.0000	 -0.0265
734.5000	 -0.0266
734.0000	 -0.0266
733.5000	 -0.0270
733.0000	 -0.0271
732.5000	 -0.0276
732.0000	 -0.0273
731.5000	 -0.0286
731.0000	 -0.0279
730.5000	 -0.0277
730.0000	 -0.0288
729.5000	 -0.0295
729.0000	 -0.0296
728.5000	 -0.0305
728.0000	 -0.0305
727.5000	 -0.0311
727.0000	 -0.0317
726.5000	 -0.0320
726.0000	 -0.0333
725.5000	 -0.0338
725.0000	 -0.0342
724.5000	 -0.0351
724.0000	 -0.0365
723.5000	 -0.0372
723.0000	 -0.0380
722.5000	 -0.0383
722.0000	 -0.0401
721.5000	 -0.0411
721.0000	 -0.0429
720.5000	 -0.0439
720.0000	 -0.0435
719.5000	 -0.0461
719.0000	 -0.0465
718.5000	 -0.0473
718.0000	 -0.0478
717.5000	 -0.0483
717.0000	 -0.0484
716.5000	 -0.0464
716.0000	 -0.0460
715.5000	 -0.0450
715.0000	 -0.0432
714.5000	 -0.0415
714.0000	 -0.0410
713.5000	 -0.0397
713.0000	 -0.0377
712.5000	 -0.0367
712.0000	 -0.0350
711.5000	 -0.0338
711.0000	 -0.0333
710.5000	 -0.0321
710.0000	 -0.0316
709.5000	 -0.0310
709.0000	 -0.0289
708.5000	 -0.0287
708.0000	 -0.0284
707.5000	 -0.0272
707.0000	 -0.0279
706.5000	 -0.0272
706.0000	 -0.0271
705.5000	 -0.0279
705.0000	 -0.0272
704.5000	 -0.0280
704.0000	 -0.0273
703.5000	 -0.0279
703.0000	 -0.0277
702.5000	 -0.0276
702.0000	 -0.0271
701.5000	 -0.0278
701.0000	 -0.0271
700.5000	 -0.0272
700.0000	 -0.0279
699.5000	 -0.0270
699.0000	 -0.0278
698.5000	 -0.0271
698.0000	 -0.0273
697.5000	 -0.0277
697.0000	 -0.0270
696.5000	 -0.0270
696.0000	 -0.0279
695.5000	 -0.0269
695.0000	 -0.0274
694.5000	 -0.0272
694.0000	 -0.0271
693.5000	 -0.0278
693.0000	 -0.0271
692.5000	 -0.0270
692.0000	 -0.0278
691.5000	 -0.0273
691.0000	 -0.0276
690.5000	 -0.0275
690.0000	 -0.0268
689.5000	 -0.0275
689.0000	 -0.0269
688.5000	 -0.0265
688.0000	 -0.0278
687.5000	 -0.0266
687.0000	 -0.0271
686.5000	 -0.0268
686.0000	 -0.0264
685.5000	 -0.0274
685.0000	 -0.0267
684.5000	 -0.0268
684.0000	 -0.0267
683.5000	 -0.0269
683.0000	 -0.0272
682.5000	 -0.0267
682.0000	 -0.0267
681.5000	 -0.0270
681.0000	 -0.0271
680.5000	 -0.0270
680.0000	 -0.0278
679.5000	 -0.0265
679.0000	 -0.0268
678.5000	 -0.0273
678.0000	 -0.0271
677.5000	 -0.0275
677.0000	 -0.0262
676.5000	 -0.0271
676.0000	 -0.0269
675.5000	 -0.0269
675.0000	 -0.0272
674.5000	 -0.0270
674.0000	 -0.0265
673.5000	 -0.0269
673.0000	 -0.0272
672.5000	 -0.0261
672.0000	 -0.0270
671.5000	 -0.0267
671.0000	 -0.0272
670.5000	 -0.0271
670.0000	 -0.0261
669.5000	 -0.0271
669.0000	 -0.0266
668.5000	 -0.0268
668.0000	 -0.0266
667.5000	 -0.0267
667.0000	 -0.0269
666.5000	 -0.0272
666.0000	 -0.0263
665.5000	 -0.0267
665.0000	 -0.0265
664.5000	 -0.0267
664.0000	 -0.0271
663.5000	 -0.0260
663.0000	 -0.0267
662.5000	 -0.0267
662.0000	 -0.0267
661.5000	 -0.0267
661.0000	 -0.0258
660.5000	 -0.0266
660.0000	 -0.0262
659.5000	 -0.0264
659.0000	 -0.0266
658.5000	 -0.0267
658.0000	 -0.0260
657.5000	 -0.0262
657.0000	 -0.0263
656.5000	 -0.0263
656.0000	 -0.0264
655.5000	 -0.0257
655.0000	 -0.0261
654.5000	 -0.0261
654.0000	 -0.0262
653.5000	 -0.0265
653.0000	 -0.0256
652.5000	 -0.0262
652.0000	 -0.0262
651.5000	 -0.0258
651.0000	 -0.0261
650.5000	 -0.0257
650.0000	 -0.0258
649.5000	 -0.0261
649.0000	 -0.0261
648.5000	 -0.0256
648.0000	 -0.0258
647.5000	 -0.0251
647.0000	 -0.0255
646.5000	 -0.0255
646.0000	 -0.0250
645.5000	 -0.0257
645.0000	 -0.0242
644.5000	 -0.0250
644.0000	 -0.0250
643.5000	 -0.0247
643.0000	 -0.0249
642.5000	 -0.0245
642.0000	 -0.0243
641.5000	 -0.0241
641.0000	 -0.0238
640.5000	 -0.0243
640.0000	 -0.0243
639.5000	 -0.0236
639.0000	 -0.0238
638.5000	 -0.0235
638.0000	 -0.0234
637.5000	 -0.0237
637.0000	 -0.0228
636.5000	 -0.0232
636.0000	 -0.0229
635.5000	 -0.0224
635.0000	 -0.0228
634.5000	 -0.0227
634.0000	 -0.0221
633.5000	 -0.0225
633.0000	 -0.0222
632.5000	 -0.0226
632.0000	 -0.0227
631.5000	 -0.0226
631.0000	 -0.0228
630.5000	 -0.0233
630.0000	 -0.0241
629.5000	 -0.0248
629.0000	 -0.0239
628.5000	 -0.0248
628.0000	 -0.0259
627.5000	 -0.0257
627.0000	 -0.0275
626.5000	 -0.0279
626.0000	 -0.0280
625.5000	 -0.0291
625.0000	 -0.0294
624.5000	 -0.0307
624.0000	 -0.0316
623.5000	 -0.0321
623.0000	 -0.0326
622.5000	 -0.0329
622.0000	 -0.0335
621.5000	 -0.0349
621.0000	 -0.0350
620.5000	 -0.0352
620.0000	 -0.0358
619.5000	 -0.0356
619.0000	 -0.0364
618.5000	 -0.0362
618.0000	 -0.0360
617.5000	 -0.0359
617.0000	 -0.0361
616.5000	 -0.0358
616.0000	 -0.0358
615.5000	 -0.0353
615.0000	 -0.0352
614.5000	 -0.0357
614.0000	 -0.0352
613.5000	 -0.0355
613.0000	 -0.0353
612.5000	 -0.0357
612.0000	 -0.0353
611.5000	 -0.0353
611.0000	 -0.0355
610.5000	 -0.0355
610.0000	 -0.0351
609.5000	 -0.0353
609.0000	 -0.0361
608.5000	 -0.0352
608.0000	 -0.0358
607.5000	 -0.0352
607.0000	 -0.0353
606.5000	 -0.0358
606.0000	 -0.0357
605.5000	 -0.0367
605.0000	 -0.0351
604.5000	 -0.0356
604.0000	 -0.0358
603.5000	 -0.0361
603.0000	 -0.0369
602.5000	 -0.0367
602.0000	 -0.0359
601.5000	 -0.0366
601.0000	 -0.0363
600.5000	 -0.0369
600.0000	 -0.0367
599.5000	 -0.0357
599.0000	 -0.0369
598.5000	 -0.0370
598.0000	 -0.0362
597.5000	 -0.0370
597.0000	 -0.0364
596.5000	 -0.0368
596.0000	 -0.0377
595.5000	 -0.0371
595.0000	 -0.0371
594.5000	 -0.0370
594.0000	 -0.0371
593.5000	 -0.0377
593.0000	 -0.0371
592.5000	 -0.0378
592.0000	 -0.0382
591.5000	 -0.0373
591.0000	 -0.0376
590.5000	 -0.0377
590.0000	 -0.0377
589.5000	 -0.0380
589.0000	 -0.0375
588.5000	 -0.0379
588.0000	 -0.0382
587.5000	 -0.0378
587.0000	 -0.0385
586.5000	 -0.0387
586.0000	 -0.0384
585.5000	 -0.0385
585.0000	 -0.0388
584.5000	 -0.0386
584.0000	 -0.0389
583.5000	 -0.0389
583.0000	 -0.0389
582.5000	 -0.0392
582.0000	 -0.0388
581.5000	 -0.0391
581.0000	 -0.0384
580.5000	 -0.0389
580.0000	 -0.0392
579.5000	 -0.0394
579.0000	 -0.0396
578.5000	 -0.0400
578.0000	 -0.0395
577.5000	 -0.0397
577.0000	 -0.0395
576.5000	 -0.0396
576.0000	 -0.0399
575.5000	 -0.0393
575.0000	 -0.0398
574.5000	 -0.0398
574.0000	 -0.0400
573.5000	 -0.0402
573.0000	 -0.0402
572.5000	 -0.0396
572.0000	 -0.0405
571.5000	 -0.0404
571.0000	 -0.0405
570.5000	 -0.0409
570.0000	 -0.0410
569.5000	 -0.0410
569.0000	 -0.0411
568.5000	 -0.0405
568.0000	 -0.0415
567.5000	 -0.0401
567.0000	 -0.0406
566.5000	 -0.0413
566.0000	 -0.0408
565.5000	 -0.0414
565.0000	 -0.0412
564.5000	 -0.0406
564.0000	 -0.0414
563.5000	 -0.0415
563.0000	 -0.0413
562.5000	 -0.0417
562.0000	 -0.0408
561.5000	 -0.0423
561.0000	 -0.0418
560.5000	 -0.0421
560.0000	 -0.0420
559.5000	 -0.0423
559.0000	 -0.0427
558.5000	 -0.0429
558.0000	 -0.0431
557.5000	 -0.0428
557.0000	 -0.0430
556.5000	 -0.0433
556.0000	 -0.0421
555.5000	 -0.0435
555.0000	 -0.0427
554.5000	 -0.0429
554.0000	 -0.0434
553.5000	 -0.0436
553.0000	 -0.0437
552.5000	 -0.0437
552.0000	 -0.0433
551.5000	 -0.0436
551.0000	 -0.0437
550.5000	 -0.0441
550.0000	 -0.0441
549.5000	 -0.0438
549.0000	 -0.0442
548.5000	 -0.0439
548.0000	 -0.0443
547.5000	 -0.0450
547.0000	 -0.0441
546.5000	 -0.0442
546.0000	 -0.0446
545.5000	 -0.0446
545.0000	 -0.0446
544.5000	 -0.0446
544.0000	 -0.0445
543.5000	 -0.0447
543.0000	 -0.0444
542.5000	 -0.0447
542.0000	 -0.0453
541.5000	 -0.0447
541.0000	 -0.0453
540.5000	 -0.0454
540.0000	 -0.0450
539.5000	 -0.0460
539.0000	 -0.0450
538.5000	 -0.0456
538.0000	 -0.0460
537.5000	 -0.0454
537.0000	 -0.0461
536.5000	 -0.0450
536.0000	 -0.0455
535.5000	 -0.0459
535.0000	 -0.0452
534.5000	 -0.0459
534.0000	 -0.0456
533.5000	 -0.0457
533.0000	 -0.0461
532.5000	 -0.0458
532.0000	 -0.0463
531.5000	 -0.0462
531.0000	 -0.0458
530.5000	 -0.0463
530.0000	 -0.0462
529.5000	 -0.0460
529.0000	 -0.0468
528.5000	 -0.0463
528.0000	 -0.0466
527.5000	 -0.0469
527.0000	 -0.0463
526.5000	 -0.0472
526.0000	 -0.0464
525.5000	 -0.0468
525.0000	 -0.0470
524.5000	 -0.0463
524.0000	 -0.0469
523.5000	 -0.0464
523.0000	 -0.0466
522.5000	 -0.0468
522.0000	 -0.0470
521.5000	 -0.0470
521.0000	 -0.0473
520.5000	 -0.0466
520.0000	 -0.0466
519.5000	 -0.0470
519.0000	 -0.0463
518.5000	 -0.0476
518.0000	 -0.0465
517.5000	 -0.0472
517.0000	 -0.0473
516.5000	 -0.0468
516.0000	 -0.0469
515.5000	 -0.0473
515.0000	 -0.0466
514.5000	 -0.0473
514.0000	 -0.0471
513.5000	 -0.0470
513.0000	 -0.0478
512.5000	 -0.0466
512.0000	 -0.0474
511.5000	 -0.0474
511.0000	 -0.0473
510.5000	 -0.0484
510.0000	 -0.0477
509.5000	 -0.0478
509.0000	 -0.0482
508.5000	 -0.0483
508.0000	 -0.0489
507.5000	 -0.0492
507.0000	 -0.0488
506.5000	 -0.0499
506.0000	 -0.0501
505.5000	 -0.0506
505.0000	 -0.0516
504.5000	 -0.0509
504.0000	 -0.0521
503.5000	 -0.0529
503.0000	 -0.0530
502.5000	 -0.0539
502.0000	 -0.0539
501.5000	 -0.0545
501.0000	 -0.0548
500.5000	 -0.0553
500.0000	 -0.0563
499.5000	 -0.0575
499.0000	 -0.0572
498.5000	 -0.0577
498.0000	 -0.0578
497.5000	 -0.0586
497.0000	 -0.0592
496.5000	 -0.0589
496.0000	 -0.0588
495.5000	 -0.0596
495.0000	 -0.0598
494.5000	 -0.0607
494.0000	 -0.0606
493.5000	 -0.0611
493.0000	 -0.0613
492.5000	 -0.0615
492.0000	 -0.0619
491.5000	 -0.0622
491.0000	 -0.0620
490.5000	 -0.0624
490.0000	 -0.0620
489.5000	 -0.0623
489.0000	 -0.0631
488.5000	 -0.0624
488.0000	 -0.0632
487.5000	 -0.0629
487.0000	 -0.0628
486.5000	 -0.0644
486.0000	 -0.0623
485.5000	 -0.0631
485.0000	 -0.0637
484.5000	 -0.0642
484.0000	 -0.0645
483.5000	 -0.0642
483.0000	 -0.0647
482.5000	 -0.0646
482.0000	 -0.0651
481.5000	 -0.0654
481.0000	 -0.0653
480.5000	 -0.0651
480.0000	 -0.0660
479.5000	 -0.0659
479.0000	 -0.0664
478.5000	 -0.0675
478.0000	 -0.0668
477.5000	 -0.0682
477.0000	 -0.0681
476.5000	 -0.0690
476.0000	 -0.0686
475.5000	 -0.0685
475.0000	 -0.0693
474.5000	 -0.0692
474.0000	 -0.0699
473.5000	 -0.0710
473.0000	 -0.0710
472.5000	 -0.0711
472.0000	 -0.0722
471.5000	 -0.0726
471.0000	 -0.0731
470.5000	 -0.0739
470.0000	 -0.0733
469.5000	 -0.0746
469.0000	 -0.0745
468.5000	 -0.0759
468.0000	 -0.0758
467.5000	 -0.0767
467.0000	 -0.0772
466.5000	 -0.0771
466.0000	 -0.0780
465.5000	 -0.0791
465.0000	 -0.0790
464.5000	 -0.0804
464.0000	 -0.0808
463.5000	 -0.0818
463.0000	 -0.0828
462.5000	 -0.0829
462.0000	 -0.0825
461.5000	 -0.0839
461.0000	 -0.0844
460.5000	 -0.0854
460.0000	 -0.0856
459.5000	 -0.0852
459.0000	 -0.0854
458.5000	 -0.0871
458.0000	 -0.0866
457.5000	 -0.0864
457.0000	 -0.0862
456.5000	 -0.0874
456.0000	 -0.0873
455.5000	 -0.0871
455.0000	 -0.0875
454.5000	 -0.0868
454.0000	 -0.0864
453.5000	 -0.0866
453.0000	 -0.0870
452.5000	 -0.0845
452.0000	 -0.0849
451.5000	 -0.0840
451.0000	 -0.0841
450.5000	 -0.0832
450.0000	 -0.0824
449.5000	 -0.0817
449.0000	 -0.0804
448.5000	 -0.0804
448.0000	 -0.0806
447.5000	 -0.0794
447.0000	 -0.0792
446.5000	 -0.0778
446.0000	 -0.0779
445.5000	 -0.0776
445.0000	 -0.0778
444.5000	 -0.0767
444.0000	 -0.0769
443.5000	 -0.0760
443.0000	 -0.0763
442.5000	 -0.0764
442.0000	 -0.0756
441.5000	 -0.0759
441.0000	 -0.0752
440.5000	 -0.0752
440.0000	 -0.0753
439.5000	 -0.0747
439.0000	 -0.0749
438.5000	 -0.0744
438.0000	 -0.0748
437.5000	 -0.0748
437.0000	 -0.0746
436.5000	 -0.0751
436.0000	 -0.0741
435.5000	 -0.0750
435.0000	 -0.0751
434.5000	 -0.0747
434.0000	 -0.0747
433.5000	 -0.0749
433.0000	 -0.0748
432.5000	 -0.0753
432.0000	 -0.0749
431.5000	 -0.0760
431.0000	 -0.0746
430.5000	 -0.0750
430.0000	 -0.0762
429.5000	 -0.0758
429.0000	 -0.0760
428.5000	 -0.0760
428.0000	 -0.0757
427.5000	 -0.0762
427.0000	 -0.0765
426.5000	 -0.0764
426.0000	 -0.0772
425.5000	 -0.0772
425.0000	 -0.0774
424.5000	 -0.0779
424.0000	 -0.0779
423.5000	 -0.0782
423.0000	 -0.0779
422.5000	 -0.0789
422.0000	 -0.0790
421.5000	 -0.0784
421.0000	 -0.0796
420.5000	 -0.0792
420.0000	 -0.0800
419.5000	 -0.0795
419.0000	 -0.0799
418.5000	 -0.0803
418.0000	 -0.0797
417.5000	 -0.0807
417.0000	 -0.0809
416.5000	 -0.0811
416.0000	 -0.0819
415.5000	 -0.0813
415.0000	 -0.0810
414.5000	 -0.0815
414.0000	 -0.0823
413.5000	 -0.0814
413.0000	 -0.0819
412.5000	 -0.0816
412.0000	 -0.0825
411.5000	 -0.0828
411.0000	 -0.0832
410.5000	 -0.0832
410.0000	 -0.0828
409.5000	 -0.0837
409.0000	 -0.0835
408.5000	 -0.0836
408.0000	 -0.0842
407.5000	 -0.0836
407.0000	 -0.0841
406.5000	 -0.0844
406.0000	 -0.0843
405.5000	 -0.0847
405.0000	 -0.0844
404.5000	 -0.0847
404.0000	 -0.0861
403.5000	 -0.0848
403.0000	 -0.0858
402.5000	 -0.0858
402.0000	 -0.0855
401.5000	 -0.0858
401.0000	 -0.0863
400.5000	 -0.0865
400.0000	 -0.0869
399.5000	 -0.0863
399.0000	 -0.0864
398.5000	 -0.0866
398.0000	 -0.0867
397.5000	 -0.0876
397.0000	 -0.0866
396.5000	 -0.0877
396.0000	 -0.0871
395.5000	 -0.0880
395.0000	 -0.0896
394.5000	 -0.0875
394.0000	 -0.0890
393.5000	 -0.0882
393.0000	 -0.0884
392.5000	 -0.0896
392.0000	 -0.0891
391.5000	 -0.0891
391.0000	 -0.0899
390.5000	 -0.0912
390.0000	 -0.0907
389.5000	 -0.0919
389.0000	 -0.0911
388.5000	 -0.0930
388.0000	 -0.0922
387.5000	 -0.0932
387.0000	 -0.0951
386.5000	 -0.0938
386.0000	 -0.0957
385.5000	 -0.0948
385.0000	 -0.0954
384.5000	 -0.0961
384.0000	 -0.0954
383.5000	 -0.0968
383.0000	 -0.0976
382.5000	 -0.0961
382.0000	 -0.0982
381.5000	 -0.0967
381.0000	 -0.0979
380.5000	 -0.0987
380.0000	 -0.0987
379.5000	 -0.0990
379.0000	 -0.0995
378.5000	 -0.0989
378.0000	 -0.1006
377.5000	 -0.1016
377.0000	 -0.1003
376.5000	 -0.1000
376.0000	 -0.1008
375.5000	 -0.1009
375.0000	 -0.1024
374.5000	 -0.1027
374.0000	 -0.1036
373.5000	 -0.1017
373.0000	 -0.1037
372.5000	 -0.1037
372.0000	 -0.1036
371.5000	 -0.1038
371.0000	 -0.1034
370.5000	 -0.1042
370.0000	 -0.1042
369.5000	 -0.1039
369.0000	 -0.1053
368.5000	 -0.1054
368.0000	 -0.1042
367.5000	 -0.1070
367.0000	 -0.1061
366.5000	 -0.1073
366.0000	 -0.1076
365.5000	 -0.1060
365.0000	 -0.1074
364.5000	 -0.1074
364.0000	 -0.1069
363.5000	 -0.1083
363.0000	 -0.1086
362.5000	 -0.1093
362.0000	 -0.1090
361.5000	 -0.1070
361.0000	 -0.1109
360.5000	 -0.1095
360.0000	 -0.1092
359.5000	 -0.1100
359.0000	 -0.1102
358.5000	 -0.1118
358.0000	 -0.1115
357.5000	 -0.1094
357.0000	 -0.1131
356.5000	 -0.1122
356.0000	 -0.1126
355.5000	 -0.1137
355.0000	 -0.1122
354.5000	 -0.1126
354.0000	 -0.1152
353.5000	 -0.1144
353.0000	 -0.1152
352.5000	 -0.1140
352.0000	 -0.1153
351.5000	 -0.1154
351.0000	 -0.1167
350.5000	 -0.1166
350.0000	 -0.1170
