24/06/2026 15.57.17
24/06/2026 16.04.40

900.0000	  0.0067

900.0000	  0.0067

900.0000	 -0.0051



  1.0000
900.0000
  3.0000
340.0000
  1.0000
1101.0000
  5.0000
  6.0000
  2.0000
  1.0000
  0.0000
  0.0000
100.0000
  0.0000
  1.0000
  0.0000
500.0000
900.0000
350.0000
  4.0000
  1.0000
 18.0000
  2.0000
  1.0000
255.0000
  0.8447
  1.0000
 30.0000
  4.0000
500.0000
  0.0000
  0.0000
  4.0000
900.0000
350.0000
  0.0000
100.0000
  0.0000
  1.0000
  0.0000
500.0000
  1.0000
  1.0000
  1.0000
  1.0000
  4.0000
  0.0000
  1.0000
  1.0000
  1.0000
  1.0000
  1.0000
  2.0000
  1.0000
  1.0000
  1.0000
  3.0000
  1.0000
  1.0000
  1.0000
  4.0000
  5.0000
442.991
0.000
900.0000	  0.0001
899.5000	  0.0093
899.0000	  0.0034
898.5000	 -0.0037
898.0000	 -0.0062
897.5000	  0.0103
897.0000	  0.0089
896.5000	  0.0014
896.0000	  0.0055
895.5000	 -0.0011
895.0000	  0.0086
894.5000	 -0.0065
894.0000	 -0.0085
893.5000	 -0.0083
893.0000	 -0.0003
892.5000	  0.0083
892.0000	  0.0003
891.5000	 -0.0018
891.0000	  0.0203
890.5000	 -0.0035
890.0000	 -0.0109
889.5000	  0.0008
889.0000	  0.0080
888.5000	 -0.0036
888.0000	 -0.0062
887.5000	  0.0056
887.0000	 -0.0043
886.5000	  0.0006
886.0000	  0.0057
885.5000	 -0.0038
885.0000	 -0.0062
884.5000	 -0.0042
884.0000	  0.0037
883.5000	  0.0047
883.0000	  0.0025
882.5000	 -0.0030
882.0000	  0.0068
881.5000	 -0.0017
881.0000	 -0.0014
880.5000	 -0.0028
880.0000	  0.0015
879.5000	  0.0006
879.0000	 -0.0015
878.5000	  0.0029
878.0000	  0.0046
877.5000	  0.0010
877.0000	 -0.0081
876.5000	  0.0011
876.0000	 -0.0013
875.5000	 -0.0018
875.0000	 -0.0007
874.5000	  0.0017
874.0000	 -0.0024
873.5000	 -0.0020
873.0000	  0.0022
872.5000	 -0.0060
872.0000	  0.0001
871.5000	  0.0023
871.0000	  0.0018
870.5000	 -0.0044
870.0000	 -0.0006
869.5000	  0.0028
869.0000	 -0.0045
868.5000	 -0.0028
868.0000	 -0.0058
867.5000	 -0.0003
867.0000	 -0.0033
866.5000	 -0.0072
866.0000	 -0.0004
865.5000	 -0.0021
865.0000	 -0.0024
864.5000	 -0.0020
864.0000	 -0.0067
863.5000	 -0.0020
863.0000	 -0.0056
862.5000	 -0.0050
862.0000	 -0.0042
861.5000	 -0.0043
861.0000	 -0.0046
860.5000	 -0.0029
860.0000	 -0.0025
859.5000	 -0.0055
859.0000	 -0.0036
858.5000	 -0.0039
858.0000	 -0.0079
857.5000	 -0.0073
857.0000	 -0.0069
856.5000	 -0.0034
856.0000	 -0.0076
855.5000	 -0.0067
855.0000	 -0.0078
854.5000	 -0.0056
854.0000	 -0.0067
853.5000	 -0.0081
853.0000	 -0.0074
852.5000	 -0.0087
852.0000	 -0.0077
851.5000	 -0.0073
851.0000	 -0.0079
850.5000	 -0.0081
850.0000	 -0.0068
849.5000	 -0.0074
849.0000	 -0.0081
848.5000	 -0.0084
848.0000	 -0.0083
847.5000	 -0.0077
847.0000	 -0.0079
846.5000	 -0.0078
846.0000	 -0.0062
845.5000	 -0.0090
845.0000	 -0.0073
844.5000	 -0.0072
844.0000	 -0.0068
843.5000	 -0.0072
843.0000	 -0.0071
842.5000	 -0.0073
842.0000	 -0.0080
841.5000	 -0.0083
841.0000	 -0.0081
840.5000	 -0.0062
840.0000	 -0.0067
839.5000	 -0.0072
839.0000	 -0.0066
838.5000	 -0.0074
838.0000	 -0.0072
837.5000	 -0.0065
837.0000	 -0.0068
836.5000	 -0.0061
836.0000	 -0.0062
835.5000	 -0.0054
835.0000	 -0.0062
834.5000	 -0.0067
834.0000	 -0.0054
833.5000	 -0.0057
833.0000	 -0.0058
832.5000	 -0.0050
832.0000	 -0.0057
831.5000	 -0.0059
831.0000	 -0.0058
830.5000	 -0.0052
830.0000	 -0.0063
829.5000	 -0.0048
829.0000	 -0.0056
828.5000	 -0.0060
828.0000	 -0.0048
827.5000	 -0.0047
827.0000	 -0.0045
826.5000	 -0.0040
826.0000	 -0.0049
825.5000	 -0.0045
825.0000	 -0.0050
824.5000	 -0.0051
824.0000	 -0.0054
823.5000	 -0.0043
823.0000	 -0.0057
822.5000	 -0.0041
822.0000	 -0.0041
821.5000	 -0.0047
821.0000	 -0.0044
820.5000	 -0.0038
820.0000	 -0.0044
819.5000	 -0.0040
819.0000	 -0.0039
818.5000	 -0.0056
818.0000	 -0.0049
817.5000	 -0.0046
817.0000	 -0.0042
816.5000	 -0.0051
816.0000	 -0.0045
815.5000	 -0.0051
815.0000	 -0.0046
814.5000	 -0.0051
814.0000	 -0.0044
813.5000	 -0.0051
813.0000	 -0.0051
812.5000	 -0.0043
812.0000	 -0.0057
811.5000	 -0.0044
811.0000	 -0.0053
810.5000	 -0.0043
810.0000	 -0.0043
809.5000	 -0.0037
809.0000	 -0.0049
808.5000	 -0.0048
808.0000	 -0.0044
807.5000	 -0.0046
807.0000	 -0.0046
806.5000	 -0.0052
806.0000	 -0.0040
805.5000	 -0.0047
805.0000	 -0.0053
804.5000	 -0.0050
804.0000	 -0.0048
803.5000	 -0.0055
803.0000	 -0.0052
802.5000	 -0.0051
802.0000	 -0.0052
801.5000	 -0.0043
801.0000	 -0.0056
800.5000	 -0.0055
800.0000	 -0.0055
799.5000	 -0.0058
799.0000	 -0.0054
798.5000	 -0.0056
798.0000	 -0.0056
797.5000	 -0.0053
797.0000	 -0.0057
796.5000	 -0.0057
796.0000	 -0.0057
795.5000	 -0.0056
795.0000	 -0.0063
794.5000	 -0.0058
794.0000	 -0.0064
793.5000	 -0.0064
793.0000	 -0.0058
792.5000	 -0.0064
792.0000	 -0.0066
791.5000	 -0.0066
791.0000	 -0.0072
790.5000	 -0.0065
790.0000	 -0.0067
789.5000	 -0.0059
789.0000	 -0.0068
788.5000	 -0.0058
788.0000	 -0.0063
787.5000	 -0.0071
787.0000	 -0.0065
786.5000	 -0.0065
786.0000	 -0.0064
785.5000	 -0.0075
785.0000	 -0.0066
784.5000	 -0.0065
784.0000	 -0.0066
783.5000	 -0.0059
783.0000	 -0.0071
782.5000	 -0.0076
782.0000	 -0.0082
781.5000	 -0.0078
781.0000	 -0.0074
780.5000	 -0.0071
780.0000	 -0.0067
779.5000	 -0.0077
779.0000	 -0.0069
778.5000	 -0.0075
778.0000	 -0.0068
777.5000	 -0.0068
777.0000	 -0.0072
776.5000	 -0.0077
776.0000	 -0.0071
775.5000	 -0.0072
775.0000	 -0.0075
774.5000	 -0.0081
774.0000	 -0.0081
773.5000	 -0.0075
773.0000	 -0.0071
772.5000	 -0.0080
772.0000	 -0.0079
771.5000	 -0.0079
771.0000	 -0.0079
770.5000	 -0.0076
770.0000	 -0.0079
769.5000	 -0.0081
769.0000	 -0.0079
768.5000	 -0.0077
768.0000	 -0.0087
767.5000	 -0.0083
767.0000	 -0.0079
766.5000	 -0.0083
766.0000	 -0.0082
765.5000	 -0.0084
765.0000	 -0.0083
764.5000	 -0.0077
764.0000	 -0.0088
763.5000	 -0.0084
763.0000	 -0.0080
762.5000	 -0.0079
762.0000	 -0.0092
761.5000	 -0.0081
761.0000	 -0.0086
760.5000	 -0.0081
760.0000	 -0.0083
759.5000	 -0.0095
759.0000	 -0.0093
758.5000	 -0.0088
758.0000	 -0.0080
757.5000	 -0.0089
757.0000	 -0.0093
756.5000	 -0.0087
756.0000	 -0.0092
755.5000	 -0.0089
755.0000	 -0.0096
754.5000	 -0.0090
754.0000	 -0.0099
753.5000	 -0.0095
753.0000	 -0.0093
752.5000	 -0.0087
752.0000	 -0.0091
751.5000	 -0.0093
751.0000	 -0.0093
750.5000	 -0.0092
750.0000	 -0.0097
749.5000	 -0.0093
749.0000	 -0.0093
748.5000	 -0.0101
748.0000	 -0.0095
747.5000	 -0.0102
747.0000	 -0.0093
746.5000	 -0.0100
746.0000	 -0.0097
745.5000	 -0.0103
745.0000	 -0.0101
744.5000	 -0.0097
744.0000	 -0.0101
743.5000	 -0.0108
743.0000	 -0.0101
742.5000	 -0.0102
742.0000	 -0.0103
741.5000	 -0.0103
741.0000	 -0.0109
740.5000	 -0.0104
740.0000	 -0.0110
739.5000	 -0.0110
739.0000	 -0.0106
738.5000	 -0.0111
738.0000	 -0.0115
737.5000	 -0.0125
737.0000	 -0.0111
736.5000	 -0.0116
736.0000	 -0.0126
735.5000	 -0.0119
735.0000	 -0.0126
734.5000	 -0.0128
734.0000	 -0.0129
733.5000	 -0.0126
733.0000	 -0.0137
732.5000	 -0.0135
732.0000	 -0.0138
731.5000	 -0.0135
731.0000	 -0.0144
730.5000	 -0.0151
730.0000	 -0.0150
729.5000	 -0.0150
729.0000	 -0.0154
728.5000	 -0.0157
728.0000	 -0.0166
727.5000	 -0.0169
727.0000	 -0.0178
726.5000	 -0.0177
726.0000	 -0.0191
725.5000	 -0.0193
725.0000	 -0.0202
724.5000	 -0.0207
724.0000	 -0.0217
723.5000	 -0.0225
723.0000	 -0.0234
722.5000	 -0.0251
722.0000	 -0.0255
721.5000	 -0.0273
721.0000	 -0.0275
720.5000	 -0.0297
720.0000	 -0.0302
719.5000	 -0.0314
719.0000	 -0.0326
718.5000	 -0.0322
718.0000	 -0.0333
717.5000	 -0.0329
717.0000	 -0.0333
716.5000	 -0.0327
716.0000	 -0.0322
715.5000	 -0.0307
715.0000	 -0.0301
714.5000	 -0.0285
714.0000	 -0.0271
713.5000	 -0.0255
713.0000	 -0.0237
712.5000	 -0.0226
712.0000	 -0.0215
711.5000	 -0.0205
711.0000	 -0.0198
710.5000	 -0.0181
710.0000	 -0.0164
709.5000	 -0.0162
709.0000	 -0.0152
708.5000	 -0.0144
708.0000	 -0.0147
707.5000	 -0.0142
707.0000	 -0.0137
706.5000	 -0.0137
706.0000	 -0.0136
705.5000	 -0.0136
705.0000	 -0.0141
704.5000	 -0.0135
704.0000	 -0.0143
703.5000	 -0.0135
703.0000	 -0.0135
702.5000	 -0.0136
702.0000	 -0.0135
701.5000	 -0.0138
701.0000	 -0.0141
700.5000	 -0.0131
700.0000	 -0.0139
699.5000	 -0.0136
699.0000	 -0.0135
698.5000	 -0.0138
698.0000	 -0.0138
697.5000	 -0.0138
697.0000	 -0.0139
696.5000	 -0.0140
696.0000	 -0.0136
695.5000	 -0.0137
695.0000	 -0.0134
694.5000	 -0.0139
694.0000	 -0.0131
693.5000	 -0.0133
693.0000	 -0.0135
692.5000	 -0.0137
692.0000	 -0.0138
691.5000	 -0.0137
691.0000	 -0.0134
690.5000	 -0.0136
690.0000	 -0.0129
689.5000	 -0.0134
689.0000	 -0.0129
688.5000	 -0.0135
688.0000	 -0.0132
687.5000	 -0.0132
687.0000	 -0.0131
686.5000	 -0.0131
686.0000	 -0.0130
685.5000	 -0.0131
685.0000	 -0.0133
684.5000	 -0.0133
684.0000	 -0.0135
683.5000	 -0.0126
683.0000	 -0.0129
682.5000	 -0.0136
682.0000	 -0.0127
681.5000	 -0.0137
681.0000	 -0.0132
680.5000	 -0.0131
680.0000	 -0.0133
679.5000	 -0.0131
679.0000	 -0.0132
678.5000	 -0.0125
678.0000	 -0.0135
677.5000	 -0.0134
677.0000	 -0.0132
676.5000	 -0.0126
676.0000	 -0.0132
675.5000	 -0.0135
675.0000	 -0.0127
674.5000	 -0.0132
674.0000	 -0.0124
673.5000	 -0.0133
673.0000	 -0.0124
672.5000	 -0.0125
672.0000	 -0.0128
671.5000	 -0.0135
671.0000	 -0.0132
670.5000	 -0.0130
670.0000	 -0.0127
669.5000	 -0.0131
669.0000	 -0.0129
668.5000	 -0.0127
668.0000	 -0.0133
667.5000	 -0.0127
667.0000	 -0.0127
666.5000	 -0.0132
666.0000	 -0.0125
665.5000	 -0.0129
665.0000	 -0.0129
664.5000	 -0.0126
664.0000	 -0.0131
663.5000	 -0.0135
663.0000	 -0.0130
662.5000	 -0.0127
662.0000	 -0.0128
661.5000	 -0.0126
661.0000	 -0.0133
660.5000	 -0.0127
660.0000	 -0.0126
659.5000	 -0.0128
659.0000	 -0.0126
658.5000	 -0.0126
658.0000	 -0.0121
657.5000	 -0.0126
657.0000	 -0.0125
656.5000	 -0.0122
656.0000	 -0.0125
655.5000	 -0.0121
655.0000	 -0.0120
654.5000	 -0.0121
654.0000	 -0.0120
653.5000	 -0.0122
653.0000	 -0.0121
652.5000	 -0.0121
652.0000	 -0.0123
651.5000	 -0.0120
651.0000	 -0.0118
650.5000	 -0.0117
650.0000	 -0.0123
649.5000	 -0.0121
649.0000	 -0.0115
648.5000	 -0.0121
648.0000	 -0.0118
647.5000	 -0.0117
647.0000	 -0.0118
646.5000	 -0.0113
646.0000	 -0.0115
645.5000	 -0.0115
645.0000	 -0.0113
644.5000	 -0.0111
644.0000	 -0.0109
643.5000	 -0.0110
643.0000	 -0.0103
642.5000	 -0.0106
642.0000	 -0.0108
641.5000	 -0.0108
641.0000	 -0.0100
640.5000	 -0.0103
640.0000	 -0.0102
639.5000	 -0.0098
639.0000	 -0.0101
638.5000	 -0.0100
638.0000	 -0.0094
637.5000	 -0.0099
637.0000	 -0.0092
636.5000	 -0.0094
636.0000	 -0.0089
635.5000	 -0.0086
635.0000	 -0.0087
634.5000	 -0.0088
634.0000	 -0.0087
633.5000	 -0.0082
633.0000	 -0.0086
632.5000	 -0.0083
632.0000	 -0.0093
631.5000	 -0.0089
631.0000	 -0.0098
630.5000	 -0.0094
630.0000	 -0.0097
629.5000	 -0.0104
629.0000	 -0.0111
628.5000	 -0.0116
628.0000	 -0.0122
627.5000	 -0.0128
627.0000	 -0.0135
626.5000	 -0.0142
626.0000	 -0.0144
625.5000	 -0.0152
625.0000	 -0.0165
624.5000	 -0.0172
624.0000	 -0.0182
623.5000	 -0.0183
623.0000	 -0.0190
622.5000	 -0.0195
622.0000	 -0.0197
621.5000	 -0.0211
621.0000	 -0.0211
620.5000	 -0.0212
620.0000	 -0.0214
619.5000	 -0.0218
619.0000	 -0.0225
618.5000	 -0.0225
618.0000	 -0.0226
617.5000	 -0.0216
617.0000	 -0.0217
616.5000	 -0.0214
616.0000	 -0.0215
615.5000	 -0.0219
615.0000	 -0.0218
614.5000	 -0.0215
614.0000	 -0.0212
613.5000	 -0.0216
613.0000	 -0.0219
612.5000	 -0.0221
612.0000	 -0.0214
611.5000	 -0.0206
611.0000	 -0.0216
610.5000	 -0.0214
610.0000	 -0.0217
609.5000	 -0.0215
609.0000	 -0.0214
608.5000	 -0.0218
608.0000	 -0.0222
607.5000	 -0.0219
607.0000	 -0.0218
606.5000	 -0.0218
606.0000	 -0.0216
605.5000	 -0.0225
605.0000	 -0.0223
604.5000	 -0.0221
604.0000	 -0.0218
603.5000	 -0.0218
603.0000	 -0.0227
602.5000	 -0.0224
602.0000	 -0.0227
601.5000	 -0.0222
601.0000	 -0.0220
600.5000	 -0.0230
600.0000	 -0.0222
599.5000	 -0.0227
599.0000	 -0.0230
598.5000	 -0.0227
598.0000	 -0.0234
597.5000	 -0.0234
597.0000	 -0.0238
596.5000	 -0.0228
596.0000	 -0.0227
595.5000	 -0.0232
595.0000	 -0.0235
594.5000	 -0.0231
594.0000	 -0.0239
593.5000	 -0.0239
593.0000	 -0.0234
592.5000	 -0.0242
592.0000	 -0.0238
591.5000	 -0.0238
591.0000	 -0.0241
590.5000	 -0.0241
590.0000	 -0.0243
589.5000	 -0.0244
589.0000	 -0.0243
588.5000	 -0.0241
588.0000	 -0.0247
587.5000	 -0.0247
587.0000	 -0.0249
586.5000	 -0.0243
586.0000	 -0.0247
585.5000	 -0.0247
585.0000	 -0.0247
584.5000	 -0.0250
584.0000	 -0.0245
583.5000	 -0.0250
583.0000	 -0.0251
582.5000	 -0.0249
582.0000	 -0.0256
581.5000	 -0.0250
581.0000	 -0.0255
580.5000	 -0.0252
580.0000	 -0.0250
579.5000	 -0.0255
579.0000	 -0.0255
578.5000	 -0.0257
578.0000	 -0.0254
577.5000	 -0.0260
577.0000	 -0.0256
576.5000	 -0.0263
576.0000	 -0.0263
575.5000	 -0.0264
575.0000	 -0.0258
574.5000	 -0.0260
574.0000	 -0.0261
573.5000	 -0.0264
573.0000	 -0.0267
572.5000	 -0.0265
572.0000	 -0.0260
571.5000	 -0.0268
571.0000	 -0.0268
570.5000	 -0.0267
570.0000	 -0.0269
569.5000	 -0.0271
569.0000	 -0.0265
568.5000	 -0.0273
568.0000	 -0.0273
567.5000	 -0.0272
567.0000	 -0.0268
566.5000	 -0.0268
566.0000	 -0.0270
565.5000	 -0.0276
565.0000	 -0.0276
564.5000	 -0.0277
564.0000	 -0.0278
563.5000	 -0.0273
563.0000	 -0.0277
562.5000	 -0.0281
562.0000	 -0.0281
561.5000	 -0.0280
561.0000	 -0.0281
560.5000	 -0.0280
560.0000	 -0.0289
559.5000	 -0.0288
559.0000	 -0.0287
558.5000	 -0.0294
558.0000	 -0.0289
557.5000	 -0.0292
557.0000	 -0.0288
556.5000	 -0.0293
556.0000	 -0.0292
555.5000	 -0.0295
555.0000	 -0.0292
554.5000	 -0.0297
554.0000	 -0.0299
553.5000	 -0.0293
553.0000	 -0.0298
552.5000	 -0.0294
552.0000	 -0.0301
551.5000	 -0.0300
551.0000	 -0.0302
550.5000	 -0.0303
550.0000	 -0.0302
549.5000	 -0.0306
549.0000	 -0.0300
548.5000	 -0.0305
548.0000	 -0.0304
547.5000	 -0.0306
547.0000	 -0.0306
546.5000	 -0.0306
546.0000	 -0.0308
545.5000	 -0.0308
545.0000	 -0.0308
544.5000	 -0.0312
544.0000	 -0.0313
543.5000	 -0.0310
543.0000	 -0.0308
542.5000	 -0.0315
542.0000	 -0.0314
541.5000	 -0.0313
541.0000	 -0.0314
540.5000	 -0.0312
540.0000	 -0.0310
539.5000	 -0.0316
539.0000	 -0.0318
538.5000	 -0.0320
538.0000	 -0.0317
537.5000	 -0.0315
537.0000	 -0.0319
536.5000	 -0.0323
536.0000	 -0.0322
535.5000	 -0.0320
535.0000	 -0.0321
534.5000	 -0.0321
534.0000	 -0.0322
533.5000	 -0.0321
533.0000	 -0.0324
532.5000	 -0.0323
532.0000	 -0.0326
531.5000	 -0.0325
531.0000	 -0.0325
530.5000	 -0.0326
530.0000	 -0.0326
529.5000	 -0.0324
529.0000	 -0.0327
528.5000	 -0.0329
528.0000	 -0.0327
527.5000	 -0.0326
527.0000	 -0.0325
526.5000	 -0.0332
526.0000	 -0.0331
525.5000	 -0.0329
525.0000	 -0.0333
524.5000	 -0.0327
524.0000	 -0.0327
523.5000	 -0.0329
523.0000	 -0.0329
522.5000	 -0.0329
522.0000	 -0.0334
521.5000	 -0.0337
521.0000	 -0.0332
520.5000	 -0.0336
520.0000	 -0.0334
519.5000	 -0.0335
519.0000	 -0.0331
518.5000	 -0.0335
518.0000	 -0.0331
517.5000	 -0.0333
517.0000	 -0.0332
516.5000	 -0.0330
516.0000	 -0.0334
515.5000	 -0.0333
515.0000	 -0.0339
514.5000	 -0.0337
514.0000	 -0.0339
513.5000	 -0.0337
513.0000	 -0.0339
512.5000	 -0.0341
512.0000	 -0.0342
511.5000	 -0.0337
511.0000	 -0.0342
510.5000	 -0.0338
510.0000	 -0.0336
509.5000	 -0.0348
509.0000	 -0.0342
508.5000	 -0.0349
508.0000	 -0.0351
507.5000	 -0.0353
507.0000	 -0.0354
506.5000	 -0.0365
506.0000	 -0.0363
505.5000	 -0.0374
505.0000	 -0.0375
504.5000	 -0.0379
504.0000	 -0.0387
503.5000	 -0.0391
503.0000	 -0.0396
502.5000	 -0.0401
502.0000	 -0.0405
501.5000	 -0.0406
501.0000	 -0.0418
500.5000	 -0.0422
500.0000	 -0.0429
499.5000	 -0.0427
499.0000	 -0.0430
498.5000	 -0.0433
498.0000	 -0.0444
497.5000	 -0.0446
497.0000	 -0.0453
496.5000	 -0.0453
496.0000	 -0.0460
495.5000	 -0.0463
495.0000	 -0.0460
494.5000	 -0.0469
494.0000	 -0.0471
493.5000	 -0.0472
493.0000	 -0.0475
492.5000	 -0.0478
492.0000	 -0.0482
491.5000	 -0.0484
491.0000	 -0.0481
490.5000	 -0.0485
490.0000	 -0.0490
489.5000	 -0.0491
489.0000	 -0.0491
488.5000	 -0.0490
488.0000	 -0.0493
487.5000	 -0.0493
487.0000	 -0.0495
486.5000	 -0.0497
486.0000	 -0.0496
485.5000	 -0.0501
485.0000	 -0.0492
484.5000	 -0.0503
484.0000	 -0.0503
483.5000	 -0.0508
483.0000	 -0.0506
482.5000	 -0.0508
482.0000	 -0.0512
481.5000	 -0.0513
481.0000	 -0.0513
480.5000	 -0.0524
480.0000	 -0.0526
479.5000	 -0.0530
479.0000	 -0.0535
478.5000	 -0.0532
478.0000	 -0.0540
477.5000	 -0.0541
477.0000	 -0.0539
476.5000	 -0.0538
476.0000	 -0.0547
475.5000	 -0.0549
475.0000	 -0.0555
474.5000	 -0.0559
474.0000	 -0.0563
473.5000	 -0.0570
473.0000	 -0.0575
472.5000	 -0.0572
472.0000	 -0.0573
471.5000	 -0.0589
471.0000	 -0.0586
470.5000	 -0.0600
470.0000	 -0.0598
469.5000	 -0.0598
469.0000	 -0.0608
468.5000	 -0.0615
468.0000	 -0.0624
467.5000	 -0.0626
467.0000	 -0.0634
466.5000	 -0.0637
466.0000	 -0.0642
465.5000	 -0.0651
465.0000	 -0.0664
464.5000	 -0.0667
464.0000	 -0.0671
463.5000	 -0.0672
463.0000	 -0.0677
462.5000	 -0.0684
462.0000	 -0.0692
461.5000	 -0.0698
461.0000	 -0.0698
460.5000	 -0.0708
460.0000	 -0.0708
459.5000	 -0.0719
459.0000	 -0.0727
458.5000	 -0.0722
458.0000	 -0.0727
457.5000	 -0.0733
457.0000	 -0.0733
456.5000	 -0.0731
456.0000	 -0.0740
455.5000	 -0.0741
455.0000	 -0.0733
454.5000	 -0.0733
454.0000	 -0.0726
453.5000	 -0.0720
453.0000	 -0.0724
452.5000	 -0.0719
452.0000	 -0.0711
451.5000	 -0.0714
451.0000	 -0.0694
450.5000	 -0.0701
450.0000	 -0.0686
449.5000	 -0.0680
449.0000	 -0.0668
448.5000	 -0.0665
448.0000	 -0.0661
447.5000	 -0.0653
447.0000	 -0.0650
446.5000	 -0.0644
446.0000	 -0.0638
445.5000	 -0.0643
445.0000	 -0.0641
444.5000	 -0.0631
444.0000	 -0.0629
443.5000	 -0.0622
443.0000	 -0.0627
442.5000	 -0.0626
442.0000	 -0.0616
441.5000	 -0.0619
441.0000	 -0.0612
440.5000	 -0.0620
440.0000	 -0.0616
439.5000	 -0.0615
439.0000	 -0.0616
438.5000	 -0.0612
438.0000	 -0.0614
437.5000	 -0.0620
437.0000	 -0.0611
436.5000	 -0.0618
436.0000	 -0.0607
435.5000	 -0.0612
435.0000	 -0.0616
434.5000	 -0.0607
434.0000	 -0.0614
433.5000	 -0.0611
433.0000	 -0.0609
432.5000	 -0.0604
432.0000	 -0.0610
431.5000	 -0.0618
431.0000	 -0.0620
430.5000	 -0.0622
430.0000	 -0.0616
429.5000	 -0.0624
429.0000	 -0.0622
428.5000	 -0.0623
428.0000	 -0.0618
427.5000	 -0.0623
427.0000	 -0.0625
426.5000	 -0.0625
426.0000	 -0.0626
425.5000	 -0.0626
425.0000	 -0.0628
424.5000	 -0.0634
424.0000	 -0.0639
423.5000	 -0.0646
423.0000	 -0.0642
422.5000	 -0.0651
422.0000	 -0.0640
421.5000	 -0.0651
421.0000	 -0.0656
420.5000	 -0.0653
420.0000	 -0.0659
419.5000	 -0.0662
419.0000	 -0.0658
418.5000	 -0.0669
418.0000	 -0.0667
417.5000	 -0.0665
417.0000	 -0.0666
416.5000	 -0.0669
416.0000	 -0.0675
415.5000	 -0.0677
415.0000	 -0.0672
414.5000	 -0.0674
414.0000	 -0.0670
413.5000	 -0.0685
413.0000	 -0.0677
412.5000	 -0.0682
412.0000	 -0.0689
411.5000	 -0.0682
411.0000	 -0.0688
410.5000	 -0.0697
410.0000	 -0.0693
409.5000	 -0.0694
409.0000	 -0.0701
408.5000	 -0.0694
408.0000	 -0.0694
407.5000	 -0.0695
407.0000	 -0.0701
406.5000	 -0.0702
406.0000	 -0.0706
405.5000	 -0.0713
405.0000	 -0.0705
404.5000	 -0.0716
404.0000	 -0.0702
403.5000	 -0.0710
403.0000	 -0.0721
402.5000	 -0.0720
402.0000	 -0.0717
401.5000	 -0.0712
401.0000	 -0.0718
400.5000	 -0.0725
400.0000	 -0.0731
399.5000	 -0.0718
399.0000	 -0.0731
398.5000	 -0.0724
398.0000	 -0.0738
397.5000	 -0.0736
397.0000	 -0.0736
396.5000	 -0.0744
396.0000	 -0.0740
395.5000	 -0.0737
395.0000	 -0.0734
394.5000	 -0.0752
394.0000	 -0.0750
393.5000	 -0.0751
393.0000	 -0.0751
392.5000	 -0.0751
392.0000	 -0.0763
391.5000	 -0.0764
391.0000	 -0.0767
390.5000	 -0.0772
390.0000	 -0.0772
389.5000	 -0.0780
389.0000	 -0.0780
388.5000	 -0.0789
388.0000	 -0.0798
387.5000	 -0.0788
387.0000	 -0.0795
386.5000	 -0.0801
386.0000	 -0.0815
385.5000	 -0.0818
385.0000	 -0.0819
384.5000	 -0.0819
384.0000	 -0.0820
383.5000	 -0.0830
383.0000	 -0.0819
382.5000	 -0.0831
382.0000	 -0.0838
381.5000	 -0.0852
381.0000	 -0.0838
380.5000	 -0.0853
380.0000	 -0.0855
379.5000	 -0.0857
379.0000	 -0.0844
378.5000	 -0.0852
378.0000	 -0.0865
377.5000	 -0.0860
377.0000	 -0.0869
376.5000	 -0.0862
376.0000	 -0.0870
375.5000	 -0.0882
375.0000	 -0.0889
374.5000	 -0.0880
374.0000	 -0.0882
373.5000	 -0.0889
373.0000	 -0.0877
372.5000	 -0.0894
372.0000	 -0.0898
371.5000	 -0.0887
371.0000	 -0.0911
370.5000	 -0.0893
370.0000	 -0.0912
369.5000	 -0.0897
369.0000	 -0.0896
368.5000	 -0.0916
368.0000	 -0.0924
367.5000	 -0.0916
367.0000	 -0.0923
366.5000	 -0.0920
366.0000	 -0.0920
365.5000	 -0.0934
365.0000	 -0.0923
364.5000	 -0.0938
364.0000	 -0.0933
363.5000	 -0.0950
363.0000	 -0.0943
362.5000	 -0.0953
362.0000	 -0.0943
361.5000	 -0.0945
361.0000	 -0.0952
360.5000	 -0.0958
360.0000	 -0.0955
359.5000	 -0.0949
359.0000	 -0.0962
358.5000	 -0.0964
358.0000	 -0.0974
357.5000	 -0.0982
357.0000	 -0.0986
356.5000	 -0.0991
356.0000	 -0.0992
355.5000	 -0.0982
355.0000	 -0.0990
354.5000	 -0.1009
354.0000	 -0.0981
353.5000	 -0.1000
353.0000	 -0.0995
352.5000	 -0.0992
352.0000	 -0.1020
351.5000	 -0.1034
351.0000	 -0.1033
350.5000	 -0.1018
350.0000	 -0.1020
